0.007	0
0.011	0
0.015	0
0.020	0
0.024	0
0.029	0
0.033	0
0.038	0
0.042	0
0.047	2
0.051	352
0.056	567
0.060	574
0.065	610
0.069	553
0.074	493
0.078	419
0.083	423
0.087	330
0.091	309
0.096	300
0.100	299
0.105	323
0.109	315
0.114	295
0.118	267
0.123	278
0.127	305
0.132	293
0.136	287
0.141	287
0.145	268
0.150	236
0.154	251
0.159	242
0.163	232
0.168	241
0.172	205
0.176	186
0.181	180
0.185	166
0.190	151
0.194	145
0.199	165
0.203	145
0.208	135
0.212	116
0.217	93
0.221	86
0.226	91
0.230	74
0.235	88
0.239	89
0.244	58
0.248	57
0.252	73
0.257	78
0.261	59
0.266	50
0.270	59
0.275	48
0.279	32
0.284	38
0.288	54
0.293	32
0.297	25
0.302	31
0.306	22
0.311	19
0.315	26
0.320	18
0.324	17
0.328	15
0.333	14
0.337	21
0.342	15
0.346	9
0.351	8
0.355	5
0.360	7
0.364	6
0.369	12
0.373	3
0.378	5
0.382	4
0.387	10
0.391	5
0.396	5
0.400	4
0.404	4
0.409	7
0.413	3
0.418	0
0.422	6
0.427	4
0.431	8
0.436	2
0.440	2
0.445	5
0.449	3
0.454	1
0.458	6
0.463	1
0.467	2
0.472	4
0.476	1
0.480	1
0.485	2
0.489	1
0.494	1
0.498	0
0.503	3
0.507	2
0.512	1
0.516	1
0.521	3
0.525	1
0.530	2
0.534	0
0.539	1
0.543	1
0.548	0
0.552	1
0.556	0
0.561	2
0.565	1
0.570	2
0.574	1
0.579	1
0.583	0
0.588	1
0.592	0
0.597	0
0.601	1
0.606	0
0.610	0
0.615	0
0.619	1
0.624	1
0.628	0
0.632	2
0.637	1
0.641	2
0.646	0
0.650	0
0.655	1
0.659	1
0.664	0
0.668	0
0.673	0
0.677	0
0.682	0
0.686	0
0.691	3
0.695	0
0.700	1
0.704	0
0.708	0
0.713	1
0.717	0
0.722	2
0.726	0
0.731	1
0.735	0
0.740	1
0.744	0
0.749	1
0.753	0
0.758	0
0.762	1
0.767	0
0.771	1
0.776	0
0.780	1
0.785	1
0.789	0
0.793	1
0.798	1
0.802	0
0.807	0
0.811	0
0.816	1
0.820	0
0.825	0
0.829	0
0.834	1
0.838	0
0.843	0
0.847	0
0.852	0
0.856	1
0.861	0
0.865	0
0.869	1
0.874	0
0.878	0
0.883	0
0.887	2
0.892	1
0.896	0
0.901	1
0.905	1
0.910	0
0.914	0
0.919	0
0.923	0
0.928	1
0.932	0
0.937	0
0.941	0
0.945	2
0.950	0
0.954	0
0.959	1
0.963	0
0.968	0
0.972	3
0.977	2
0.981	0
0.986	0
0.990	2
0.995	0
0.999	0
1.004	0
1.008	2
1.013	1
1.017	1
1.021	0
1.026	0
1.030	0
1.035	0
1.039	0
1.044	1
1.048	0
1.053	0
1.057	1
1.062	1
1.066	1
1.071	1
1.075	0
1.080	0
1.084	0
1.089	0
1.093	0
1.097	1
1.102	0
1.106	0
1.111	1
1.115	0
1.120	0
1.124	0
1.129	0
1.133	0
1.138	0
1.142	0
1.147	0
1.151	0
1.156	0
1.160	0
1.165	0
1.169	0
1.173	0
1.178	2
1.182	3
1.187	1
1.191	0
1.196	0
1.200	0
1.205	0
1.209	0
1.214	2
1.218	1
1.223	1
1.227	0
1.232	0
1.236	0
1.241	0
1.245	1
1.249	0
1.254	3
1.258	0
1.263	0
1.267	0
1.272	0
1.276	2
1.281	0
1.285	1
1.290	2
1.294	1
1.299	0
1.303	0
1.308	1
1.312	0
1.317	1
1.321	0
1.325	0
1.330	1
1.334	0
1.339	1
1.343	0
1.348	0
1.352	0
1.357	1
1.361	0
1.366	0
1.370	0
1.375	0
1.379	1
1.384	1
1.388	1
1.393	1
1.397	0
1.401	2
1.406	0
1.410	1
1.415	2
1.419	1
1.424	0
1.428	0
1.433	0
1.437	2
1.442	1
1.446	0
1.451	1
1.455	0
1.460	3
1.464	0
1.469	0
1.473	0
1.478	1
1.482	0
1.486	0
1.491	0
1.495	1
1.500	0
1.504	0
1.509	0
1.513	0
1.518	0
1.522	0
1.527	1
1.531	1
1.536	0
1.540	1
1.545	2
1.549	1
1.554	0
1.558	1
1.562	2
1.567	1
1.571	1
1.576	4
1.580	2
1.585	1
1.589	4
1.594	1
1.598	0
1.603	0
1.607	0
1.612	0
1.616	3
1.621	1
1.625	0
1.630	2
1.634	1
1.638	0
1.643	1
1.647	0
1.652	0
1.656	0
1.661	0
1.665	0
1.670	2
1.674	2
1.679	1
1.683	1
1.688	1
1.692	1
1.697	0
1.701	1
1.706	2
1.710	0
1.714	0
1.719	0
1.723	2
1.728	0
1.732	0
1.737	0
1.741	0
1.746	0
1.750	1
1.755	1
1.759	0
1.764	1
1.768	1
1.773	0
1.777	1
1.782	0
1.786	1
1.790	0
1.795	0
1.799	1
1.804	2
1.808	0
1.813	0
1.817	1
1.822	1
1.826	0
1.831	1
1.835	0
1.840	1
1.844	0
1.849	1
1.853	2
1.858	1
1.862	1
1.866	0
1.871	1
1.875	0
1.880	1
1.884	2
1.889	0
1.893	0
1.898	2
1.902	0
1.907	0
1.911	2
1.916	2
1.920	0
1.925	0
1.929	0
1.934	1
1.938	0
1.942	0
1.947	2
1.951	0
1.956	1
1.960	2
1.965	2
1.969	1
1.974	0
1.978	0
1.983	1
1.987	3
1.992	1
1.996	0
2.001	0
2.005	2
2.010	1
2.014	0
2.018	0
2.023	2
2.027	0
2.032	1
2.036	0
2.041	0
2.045	0
2.050	1
2.054	0
2.059	1
2.063	0
2.068	1
2.072	2
2.077	0
2.081	0
2.086	1
2.090	0
2.095	0
2.099	0
2.103	1
2.108	0
2.112	1
2.117	0
2.121	1
2.126	0
2.130	1
2.135	2
2.139	1
2.144	2
2.148	2
2.153	1
2.157	0
2.162	3
2.166	1
2.171	1
2.175	1
2.179	0
2.184	2
2.188	0
2.193	3
2.197	3
2.202	0
2.206	0
2.211	0
2.215	0
2.220	0
2.224	1
2.229	1
2.233	0
2.238	0
2.242	1
2.247	0
2.251	1
2.255	0
2.260	0
2.264	0
2.269	2
2.273	0
2.278	1
2.282	0
2.287	2
2.291	4
2.296	0
2.300	0
2.305	0
2.309	2
2.314	0
2.318	0
2.323	0
2.327	1
2.331	0
2.336	1
2.340	1
2.345	0
2.349	0
2.354	0
2.358	1
2.363	0
2.367	2
2.372	2
2.376	0
2.381	1
2.385	1
2.390	1
2.394	1
2.399	2
2.403	0
2.407	3
2.412	1
2.416	1
2.421	0
2.425	2
2.430	0
2.434	2
2.439	1
2.443	1
2.448	1
2.452	1
2.457	0
2.461	0
2.466	1
2.470	0
2.475	0
2.479	1
2.483	2
2.488	1
2.492	0
2.497	2
2.501	1
2.506	0
2.510	1
2.515	1
2.519	0
2.524	0
2.528	1
2.533	0
2.537	0
2.542	0
2.546	0
2.551	2
2.555	0
2.559	0
2.564	0
2.568	1
2.573	0
2.577	2
2.582	0
2.586	1
2.591	0
2.595	2
2.600	1
2.604	0
2.609	0
2.613	1
2.618	1
2.622	1
2.627	1
2.631	0
2.635	1
2.640	2
2.644	3
2.649	1
2.653	2
2.658	0
2.662	1
2.667	0
2.671	1
2.676	1
2.680	1
2.685	0
2.689	0
2.694	2
2.698	0
2.703	0
2.707	1
2.712	1
2.716	0
2.720	1
2.725	3
2.729	1
2.734	2
2.738	2
2.743	0
2.747	0
2.752	2
2.756	3
2.761	0
2.765	1
2.770	0
2.774	1
2.779	1
2.783	0
2.788	0
2.792	1
2.796	1
2.801	0
2.805	0
2.810	0
2.814	0
2.819	0
2.823	3
2.828	1
2.832	0
2.837	2
2.841	0
2.846	1
2.850	1
2.855	0
2.859	0
2.864	1
2.868	1
2.872	2
2.877	0
2.881	1
2.886	1
2.890	1
2.895	2
2.899	0
2.904	1
2.908	0
2.913	1
2.917	1
2.922	1
2.926	0
2.931	1
2.935	2
2.940	0
2.944	0
2.948	0
2.953	2
2.957	1
2.962	1
2.966	1
2.971	1
2.975	1
2.980	2
2.984	1
2.989	1
2.993	0
2.998	0
3.002	0
3.007	0
3.011	0
3.016	2
3.020	1
3.024	0
3.029	0
3.033	0
3.038	0
3.042	3
3.047	0
3.051	0
3.056	0
3.060	1
3.065	1
3.069	1
3.074	1
3.078	1
3.083	5
3.087	1
3.092	3
3.096	0
3.100	1
3.105	1
3.109	3
3.114	0
3.118	2
3.123	2
3.127	0
3.132	0
3.136	1
3.141	1
3.145	1
3.150	0
3.154	1
3.159	2
3.163	3
3.168	0
3.172	1
3.176	0
3.181	0
3.185	1
3.190	0
3.194	1
3.199	1
3.203	1
3.208	0
3.212	1
3.217	0
3.221	0
3.226	0
3.230	1
3.235	1
3.239	0
3.244	1
3.248	1
3.252	0
3.257	0
3.261	0
3.266	2
3.270	3
3.275	1
3.279	2
3.284	2
3.288	0
3.293	1
3.297	1
3.302	0
3.306	0
3.311	2
3.315	0
3.320	2
3.324	1
3.328	0
3.333	1
3.337	3
3.342	2
3.346	2
3.351	2
3.355	1
3.360	3
3.364	0
3.369	1
3.373	2
3.378	0
3.382	1
3.387	0
3.391	2
3.396	0
3.400	1
3.405	1
3.409	1
3.413	1
3.418	1
3.422	1
3.427	0
3.431	1
3.436	1
3.440	0
3.445	0
3.449	1
3.454	2
3.458	2
3.463	1
3.467	2
3.472	3
3.476	1
3.481	2
3.485	1
3.489	1
3.494	1
3.498	1
3.503	2
3.507	1
3.512	3
3.516	1
3.521	1
3.525	2
3.530	2
3.534	3
3.539	0
3.543	1
3.548	1
3.552	0
3.557	3
3.561	2
3.565	5
3.570	2
3.574	2
3.579	0
3.583	1
3.588	1
3.592	2
3.597	3
3.601	0
3.606	1
3.610	2
3.615	1
3.619	0
3.624	0
3.628	2
3.633	2
3.637	1
3.641	1
3.646	1
3.650	1
3.655	1
3.659	1
3.664	3
3.668	0
3.673	3
3.677	0
3.682	1
3.686	1
3.691	0
3.695	0
3.700	1
3.704	2
3.709	1
3.713	4
3.717	2
3.722	1
3.726	0
3.731	3
3.735	3
3.740	4
3.744	0
3.749	1
3.753	2
3.758	3
3.762	2
3.767	3
3.771	3
3.776	0
3.780	2
3.785	1
3.789	1
3.793	0
3.798	3
3.802	1
3.807	3
3.811	1
3.816	1
3.820	2
3.825	1
3.829	0
3.834	1
3.838	4
3.843	3
3.847	2
3.852	2
3.856	3
3.861	1
3.865	4
3.869	1
3.874	1
3.878	0
3.883	3
3.887	1
3.892	3
3.896	0
3.901	0
3.905	4
3.910	1
3.914	3
3.919	2
3.923	3
3.928	3
3.932	3
3.937	0
3.941	4
3.945	0
3.950	0
3.954	3
3.959	3
3.963	1
3.968	4
3.972	2
3.977	0
3.981	3
3.986	2
3.990	0
3.995	0
3.999	1
4.004	1
4.008	2
4.013	0
4.017	2
4.022	3
4.026	3
4.030	0
4.035	1
4.039	4
4.044	3
4.048	2
4.053	0
4.057	5
4.062	2
4.066	3
4.071	4
4.075	0
4.080	1
4.084	1
4.089	0
4.093	2
4.098	1
4.102	0
4.106	1
4.111	1
4.115	1
4.120	2
4.124	0
4.129	1
4.133	3
4.138	1
4.142	4
4.147	1
4.151	1
4.156	2
4.160	2
4.165	1
4.169	1
4.174	1
4.178	3
4.182	2
4.187	5
4.191	4
4.196	3
4.200	2
4.205	3
4.209	0
4.214	2
4.218	2
4.223	1
4.227	1
4.232	1
4.236	1
4.241	3
4.245	2
4.250	6
4.254	3
4.258	5
4.263	3
4.267	0
4.272	7
4.276	3
4.281	2
4.285	2
4.290	2
4.294	1
4.299	5
4.303	2
4.308	0
4.312	1
4.317	0
4.321	1
4.326	3
4.330	3
4.334	3
4.339	7
4.343	2
4.348	2
4.352	2
4.357	3
4.361	2
4.366	0
4.370	6
4.375	2
4.379	4
4.384	4
4.388	5
4.393	1
4.397	2
4.402	3
4.406	4
4.410	3
4.415	3
4.419	4
4.424	2
4.428	1
4.433	1
4.437	1
4.442	2
4.446	3
4.451	2
4.455	3
4.460	0
4.464	5
4.469	2
4.473	0
4.478	3
4.482	6
4.486	3
4.491	2
4.495	3
4.500	3
4.504	2
4.509	2
4.513	6
4.518	1
4.522	0
4.527	2
4.531	4
4.536	2
4.540	2
4.545	4
4.549	2
4.554	2
4.558	1
4.562	4
4.567	3
4.571	7
4.576	6
4.580	14
4.585	19
4.589	45
4.594	68
4.598	73
4.603	72
4.607	82
4.612	43
4.616	23
4.621	11
4.625	11
4.630	3
4.634	5
4.639	6
4.643	3
4.647	8
4.652	5
4.656	5
4.661	6
4.665	5
4.670	6
4.674	11
4.679	7
4.683	6
4.688	4
4.692	7
4.697	8
4.701	4
4.706	10
4.710	12
4.715	6
4.719	8
4.723	15
4.728	14
4.732	20
4.737	15
4.741	25
4.746	29
4.750	45
4.755	56
4.759	107
4.764	166
4.768	366
4.773	584
4.777	855
4.782	1189
4.786	1277
4.791	1072
4.795	815
4.799	411
4.804	227
4.808	78
4.813	18
4.817	10
4.822	1
4.826	1
4.831	1
4.835	0
4.840	2
4.844	3
4.849	1
4.853	0
4.858	4
4.862	0
4.867	3
4.871	4
4.875	1
4.880	3
4.884	2
4.889	3
4.893	0
4.898	2
4.902	2
4.907	1
4.911	3
4.916	3
4.920	0
4.925	4
4.929	3
4.934	1
4.938	4
4.943	1
4.947	0
4.951	2
4.956	0
4.960	0
4.965	4
4.969	1
4.974	0
4.978	4
4.983	3
4.987	2
4.992	3
4.996	2
5.001	3
5.005	1
5.010	1
5.014	0
5.019	6
5.023	2
5.027	1
5.032	2
5.036	3
5.041	5
5.045	1
5.050	0
5.054	0
5.059	1
5.063	1
5.068	5
5.072	4
5.077	3
5.081	5
5.086	4
5.090	4
5.095	7
5.099	1
5.103	3
5.108	5
5.112	5
5.117	5
5.121	4
5.126	3
5.130	1
5.135	1
5.139	5
5.144	1
5.148	3
5.153	1
5.157	3
5.162	4
5.166	3
5.171	4
5.175	4
5.179	3
5.184	5
5.188	1
5.193	5
5.197	3
5.202	7
5.206	9
5.211	14
5.215	9
5.220	8
5.224	12
5.229	8
5.233	13
5.238	16
5.242	18
5.247	13
5.251	26
5.255	21
5.260	23
5.264	27
5.269	45
5.273	62
5.278	74
5.282	108
5.287	128
5.291	173
5.296	250
5.300	329
5.305	340
5.309	308
5.314	224
5.318	115
5.323	73
5.327	24
5.332	6
5.336	6
5.340	4
5.345	2
5.349	2
5.354	0
5.358	1
5.363	4
5.367	7
5.372	1
5.376	3
5.381	6
5.385	4
5.390	2
5.394	4
5.399	4
5.403	3
5.408	2
5.412	4
5.416	2
5.421	0
5.425	7
5.430	5
5.434	9
5.439	7
5.443	12
5.448	14
5.452	19
5.457	30
5.461	42
5.466	62
5.470	136
5.475	199
5.479	347
5.484	450
5.488	489
5.492	484
5.497	370
5.501	253
5.506	116
5.510	41
5.515	19
5.519	6
5.524	2
5.528	1
5.533	0
5.537	2
5.542	2
5.546	0
5.551	0
5.555	2
5.560	0
5.564	1
5.568	0
5.573	3
5.577	1
5.582	1
5.586	0
5.591	2
5.595	0
5.600	2
5.604	1
5.609	2
5.613	2
5.618	1
5.622	0
5.627	0
5.631	2
5.636	1
5.640	2
5.644	2
5.649	0
5.653	2
5.658	0
5.662	1
5.667	0
5.671	2
5.676	1
5.680	1
5.685	0
5.689	0
5.694	0
5.698	1
5.703	1
5.707	1
5.712	1
5.716	1
5.720	0
5.725	2
5.729	2
5.734	1
5.738	1
5.743	3
5.747	0
5.752	2
5.756	1
5.761	1
5.765	0
5.770	6
5.774	3
5.779	4
5.783	1
5.788	4
5.792	5
5.796	3
5.801	2
5.805	2
5.810	2
5.814	2
5.819	1
5.823	2
5.828	1
5.832	1
5.837	9
5.841	2
5.846	3
5.850	1
5.855	3
5.859	1
5.864	10
5.868	8
5.872	2
5.877	6
5.881	2
5.886	10
5.890	9
5.895	9
5.899	6
5.904	4
5.908	8
5.913	10
5.917	8
5.922	8
5.926	8
5.931	15
5.935	18
5.940	7
5.944	19
5.949	25
5.953	28
5.957	32
5.962	46
5.966	43
5.971	84
5.975	110
5.980	129
5.984	221
5.989	318
5.993	392
5.998	446
6.002	500
6.007	447
6.011	308
6.016	185
6.020	137
6.025	61
6.029	20
6.033	11
6.038	5
6.042	3
6.047	2
6.051	1
6.056	0
6.060	0
6.065	0
6.069	0
6.074	0
6.078	0
6.083	0
6.087	1
6.092	1
6.096	0
6.101	0
6.105	0
6.109	0
6.114	0
6.118	0
6.123	1
6.127	1
6.132	0
6.136	0
6.141	0
6.145	1
6.150	1
6.154	1
6.159	0
6.163	0
6.168	1
6.172	0
6.177	0
6.181	0
6.185	0
6.190	0
6.194	0
6.199	0
6.203	1
6.208	0
6.212	0
6.217	0
6.221	0
6.226	0
6.230	0
6.235	1
6.239	0
6.244	0
6.248	0
6.253	0
6.257	0
6.261	0
6.266	0
6.270	0
6.275	0
6.279	0
6.284	0
6.288	0
6.293	1
6.297	0
6.302	0
6.306	1
6.311	0
6.315	0
6.320	0
6.324	0
6.329	1
6.333	1
6.337	2
6.342	0
6.346	0
6.351	0
6.355	0
6.360	1
6.364	1
6.369	0
6.373	0
6.378	0
6.382	0
6.387	1
6.391	0
6.396	0
6.400	0
6.405	0
6.409	0
6.413	0
6.418	1
6.422	0
6.427	1
6.431	1
6.436	1
6.440	1
6.445	0
6.449	0
6.454	0
6.458	0
6.463	0
6.467	0
6.472	0
6.476	1
6.481	0
6.485	0
6.489	0
6.494	1
6.498	0
6.503	0
6.507	0
6.512	1
6.516	0
6.521	0
6.525	0
6.530	0
6.534	0
6.539	0
6.543	0
6.548	0
6.552	1
6.557	0
6.561	1
6.566	1
6.570	0
6.574	0
6.579	1
6.583	0
6.588	0
6.592	0
6.597	0
6.601	0
6.606	0
6.610	2
6.615	0
6.619	0
6.624	0
6.628	0
6.633	1
6.637	1
6.642	0
6.646	1
6.650	0
6.655	1
6.659	1
6.664	0
6.668	0
6.673	0
6.677	0
6.682	0
6.686	0
6.691	1
6.695	0
6.700	2
6.704	0
6.709	0
6.713	0
6.718	0
6.722	1
6.726	0
6.731	0
6.735	1
6.740	1
6.744	0
6.749	0
6.753	0
6.758	0
6.762	0
6.767	0
6.771	1
6.776	1
6.780	1
6.785	3
6.789	1
6.794	0
6.798	3
6.802	0
6.807	0
6.811	1
6.816	0
6.820	0
6.825	0
6.829	0
6.834	0
6.838	0
6.843	0
6.847	0
6.852	1
6.856	0
6.861	1
6.865	0
6.870	0
6.874	0
6.878	0
6.883	1
6.887	1
6.892	1
6.896	0
6.901	0
6.905	0
6.910	0
6.914	0
6.919	1
6.923	0
6.928	0
6.932	0
6.937	0
6.941	0
6.946	0
6.950	1
6.954	1
6.959	0
6.963	1
6.968	1
6.972	0
6.977	0
6.981	1
6.986	1
6.990	1
6.995	0
6.999	0
7.004	0
7.008	1
7.013	0
7.017	0
7.022	3
7.026	2
7.030	3
7.035	0
7.039	0
7.044	0
7.048	0
7.053	0
7.057	1
7.062	1
7.066	0
7.071	2
7.075	0
7.080	0
7.084	5
7.089	0
7.093	2
7.098	3
7.102	0
7.106	0
7.111	1
7.115	2
7.120	1
7.124	2
7.129	1
7.133	0
7.138	0
7.142	0
7.147	0
7.151	1
7.156	1
7.160	1
7.165	0
7.169	1
7.174	3
7.178	1
7.183	1
7.187	0
7.191	0
7.196	1
7.200	0
7.205	0
7.209	1
7.214	0
7.218	1
7.223	0
7.227	0
7.232	1
7.236	0
7.241	0
7.245	0
7.250	1
7.254	0
7.259	0
7.263	1
7.267	1
7.272	1
7.276	0
7.281	1
7.285	0
7.290	0
7.294	1
7.299	1
7.303	1
7.308	0
7.312	0
7.317	0
7.321	0
7.326	0
7.330	1
7.335	1
7.339	1
7.343	0
7.348	0
7.352	0
7.357	0
7.361	0
7.366	0
7.370	0
7.375	0
7.379	0
7.384	0
7.388	0
7.393	0
7.397	1
7.402	1
7.406	2
7.411	0
7.415	2
7.419	2
7.424	0
7.428	0
7.433	1
7.437	1
7.442	0
7.446	2
7.451	0
7.455	1
7.460	0
7.464	0
7.469	0
7.473	0
7.478	3
7.482	0
7.487	2
7.491	0
7.495	0
7.500	1
7.504	1
7.509	2
7.513	2
7.518	0
7.522	1
7.527	3
7.531	2
7.536	2
7.540	1
7.545	0
7.549	2
7.554	6
7.558	2
7.563	2
7.567	2
7.571	2
7.576	4
7.580	0
7.585	3
7.589	5
7.594	4
7.598	1
7.603	6
7.607	8
7.612	4
7.616	3
7.621	6
7.625	7
7.630	10
7.634	9
7.639	20
7.643	17
7.647	31
7.652	28
7.656	36
7.661	48
7.665	113
7.670	171
7.674	232
7.679	290
7.683	320
7.688	367
7.692	334
7.697	228
7.701	160
7.706	74
7.710	26
7.715	14
7.719	8
7.723	4
7.728	4
7.732	2
7.737	1
7.741	2
7.746	2
7.750	1
7.755	0
7.759	0
7.764	0
7.768	0
7.773	0
7.777	0
7.782	0
7.786	0
7.791	0
7.795	0
7.799	0
7.804	0
7.808	0
7.813	0
7.817	0
7.822	0
7.826	0
7.831	0
7.835	0
7.840	0
7.844	0
7.849	0
7.853	0
7.858	0
7.862	0
7.867	0
7.871	0
7.876	0
7.880	0
7.884	0
7.889	0
7.893	0
7.898	0
7.902	0
7.907	0
7.911	0
7.916	0
7.920	0
7.925	1
7.929	0
7.934	0
7.938	0
7.943	0
7.947	0
7.952	0
7.956	0
7.960	0
7.965	0
7.969	0
7.974	0
7.978	0
7.983	0
7.987	0
7.992	0
7.996	0
8.001	0
8.005	0
8.010	0
8.014	0
8.019	0
8.023	0
8.028	0
8.032	0
8.036	0
8.041	0
8.045	0
8.050	0
8.054	0
8.059	0
8.063	0
8.068	0
8.072	0
8.077	0
8.081	0
8.086	0
8.090	0
8.095	0
8.099	0
8.104	0
8.108	0
8.112	0
8.117	0
8.121	0
8.126	0
8.130	0
8.135	0
8.139	0
8.144	0
8.148	0
8.153	0
8.157	0
8.162	0
8.166	0
8.171	0
8.175	0
8.180	0
8.184	0
8.188	0
8.193	0
8.197	0
8.202	0
8.206	0
8.211	0
8.215	0
8.220	0
8.224	0
8.229	0
8.233	0
8.238	0
8.242	0
8.247	0
8.251	0
8.256	0
8.260	0
8.264	0
8.269	0
8.273	0
8.278	0
8.282	0
8.287	0
8.291	0
8.296	0
8.300	0
8.305	0
8.309	0
8.314	0
8.318	0
8.323	0
8.327	0
8.332	0
8.336	0
8.340	0
8.345	0
8.349	0
8.354	0
8.358	0
8.363	0
8.367	0
8.372	0
8.376	0
8.381	0
8.385	0
8.390	0
8.394	0
8.399	0
8.403	0
8.408	0
8.412	0
8.416	0
8.421	0
8.425	0
8.430	0
8.434	0
8.439	0
8.443	0
8.448	0
8.452	0
8.457	0
8.461	0
8.466	0
8.470	0
8.475	0
8.479	0
8.484	0
8.488	0
8.493	0
8.497	0
8.501	0
8.506	0
8.510	0
8.515	0
8.519	0
8.524	0
8.528	0
8.533	0
8.537	0
8.542	0
8.546	0
8.551	0
8.555	0
8.560	0
8.564	0
8.569	0
8.573	0
8.577	0
8.582	0
8.586	0
8.591	0
8.595	0
8.600	0
8.604	0
8.609	0
8.613	0
8.618	0
8.622	0
8.627	0
8.631	0
8.636	0
8.640	0
8.645	0
8.649	0
8.653	0
8.658	0
8.662	0
8.667	0
8.671	0
8.676	0
8.680	0
8.685	0
8.689	0
8.694	0
8.698	0
8.703	0
8.707	0
8.712	0
8.716	0
8.721	0
8.725	0
8.729	0
8.734	0
8.738	0
8.743	0
8.747	0
8.752	0
8.756	0
8.761	0
8.765	0
8.770	0
8.774	0
8.779	0
8.783	0
8.788	0
8.792	0
8.797	0
8.801	0
8.805	0
8.810	0
8.814	0
8.819	0
8.823	0
8.828	0
8.832	0
8.837	0
8.841	0
8.846	0
8.850	0
8.855	0
8.859	0
8.864	0
8.868	0
8.873	0
8.877	0
8.881	0
8.886	0
8.890	0
8.895	0
8.899	0
8.904	0
8.908	0
8.913	0
8.917	0
8.922	0
8.926	0
8.931	0
8.935	0
8.940	0
8.944	0
8.949	0
8.953	0
8.957	0
8.962	0
8.966	0
8.971	0
8.975	0
8.980	0
8.984	0
8.989	0
8.993	0
8.998	0
9.002	0
9.007	0
9.011	0
9.016	0
9.020	0
9.025	0
9.029	0
9.033	0
9.038	0
9.042	0
9.047	0
9.051	0
9.056	0
9.060	0
9.065	0
9.069	0
9.074	0
9.078	0
9.083	0
9.087	0
9.092	0
9.096	0
9.101	0
9.105	0
9.110	0
9.114	0
9.118	0
9.123	0
9.127	0
9.132	0
9.136	0
9.141	0
9.145	0
9.150	0
9.154	0
9.159	0
