13.301	0
13.306	0
13.310	0
13.315	0
13.319	0
13.324	0
13.328	0
13.333	0
13.337	0
13.342	1
13.346	41
13.351	57
13.355	75
13.360	77
13.364	68
13.369	64
13.373	45
13.378	36
13.382	35
13.387	36
13.391	42
13.396	39
13.400	38
13.404	31
13.409	27
13.413	32
13.418	38
13.422	37
13.427	40
13.431	32
13.436	35
13.440	42
13.445	35
13.449	22
13.454	29
13.458	29
13.463	32
13.467	16
13.472	14
13.476	24
13.481	19
13.485	22
13.490	13
13.494	21
13.499	15
13.503	20
13.508	13
13.512	12
13.516	4
13.521	15
13.525	8
13.530	12
13.534	11
13.539	7
13.543	10
13.548	6
13.552	11
13.557	7
13.561	11
13.566	4
13.570	4
13.575	1
13.579	6
13.584	6
13.588	6
13.593	5
13.597	3
13.602	6
13.606	3
13.611	1
13.615	3
13.619	4
13.624	1
13.628	0
13.633	1
13.637	2
13.642	4
13.646	3
13.651	2
13.655	1
13.660	1
13.664	1
13.669	2
13.673	2
13.678	1
13.682	1
13.687	2
13.691	1
13.696	0
13.700	0
13.705	2
13.709	0
13.714	1
13.718	0
13.723	1
13.727	0
13.731	0
13.736	0
13.740	0
13.745	1
13.749	0
13.754	0
13.758	0
13.763	0
13.767	0
13.772	1
13.776	0
13.781	0
13.785	0
13.790	1
13.794	0
13.799	0
13.803	0
13.808	0
13.812	0
13.817	0
13.821	0
13.826	0
13.830	0
13.834	0
13.839	0
13.843	0
13.848	0
13.852	0
13.857	0
13.861	0
13.866	0
13.870	0
13.875	0
13.879	0
13.884	1
13.888	0
13.893	0
13.897	0
13.902	0
13.906	1
13.911	0
13.915	0
13.920	0
13.924	0
13.929	0
13.933	0
13.937	0
13.942	0
13.946	0
13.951	0
13.955	0
13.960	1
13.964	0
13.969	1
13.973	0
13.978	0
13.982	0
13.987	0
13.991	0
13.996	0
14.000	0
14.005	0
14.009	0
14.014	0
14.018	0
14.023	0
14.027	0
14.032	0
14.036	0
14.041	0
14.045	0
14.049	0
14.054	0
14.058	0
14.063	0
14.067	1
14.072	0
14.076	0
14.081	0
14.085	0
14.090	0
14.094	0
14.099	0
14.103	0
14.108	1
14.112	0
14.117	0
14.121	0
14.126	0
14.130	0
14.135	0
14.139	0
14.144	0
14.148	0
14.152	0
14.157	1
14.161	0
14.166	0
14.170	0
14.175	1
14.179	0
14.184	0
14.188	1
14.193	0
14.197	0
14.202	0
14.206	0
14.211	0
14.215	1
14.220	0
14.224	0
14.229	0
14.233	0
14.238	0
14.242	0
14.247	0
14.251	1
14.256	0
14.260	0
14.264	0
14.269	1
14.273	0
14.278	0
14.282	0
14.287	0
14.291	0
14.296	0
14.300	0
14.305	0
14.309	0
14.314	1
14.318	0
14.323	0
14.327	0
14.332	0
14.336	0
14.341	0
14.345	0
14.350	0
14.354	0
14.359	0
14.363	0
14.367	0
14.372	0
14.376	0
14.381	0
14.385	0
14.390	0
14.394	0
14.399	0
14.403	0
14.408	0
14.412	0
14.417	0
14.421	0
14.426	0
14.430	0
14.435	0
14.439	1
14.444	0
14.448	0
14.453	0
14.457	0
14.462	0
14.466	0
14.470	0
14.475	0
14.479	0
14.484	0
14.488	1
14.493	0
14.497	0
14.502	0
14.506	0
14.511	0
14.515	1
14.520	0
14.524	0
14.529	0
14.533	0
14.538	0
14.542	0
14.547	0
14.551	0
14.556	0
14.560	0
14.565	0
14.569	0
14.574	0
14.578	0
14.582	0
14.587	0
14.591	0
14.596	0
14.600	0
14.605	0
14.609	0
14.614	0
14.618	0
14.623	1
14.627	0
14.632	0
14.636	0
14.641	0
14.645	0
14.650	0
14.654	0
14.659	1
14.663	0
14.668	0
14.672	0
14.677	0
14.681	0
14.685	0
14.690	0
14.694	1
14.699	0
14.703	0
14.708	0
14.712	0
14.717	0
14.721	0
14.726	0
14.730	0
14.735	0
14.739	0
14.744	0
14.748	1
14.753	0
14.757	0
14.762	0
14.766	0
14.771	0
14.775	0
14.780	0
14.784	0
14.789	0
14.793	0
14.797	0
14.802	1
14.806	0
14.811	0
14.815	0
14.820	1
14.824	0
14.829	2
14.833	0
14.838	0
14.842	0
14.847	0
14.851	0
14.856	0
14.860	0
14.865	0
14.869	0
14.874	0
14.878	0
14.883	0
14.887	0
14.892	0
14.896	0
14.900	0
14.905	0
14.909	0
14.914	0
14.918	0
14.923	0
14.927	0
14.932	0
14.936	0
14.941	0
14.945	0
14.950	0
14.954	0
14.959	0
14.963	0
14.968	0
14.972	0
14.977	0
14.981	0
14.986	0
14.990	0
14.995	0
14.999	0
15.003	0
15.008	0
15.012	0
15.017	0
15.021	0
15.026	0
15.030	0
15.035	0
15.039	0
15.044	0
15.048	0
15.053	0
15.057	0
15.062	0
15.066	0
15.071	0
15.075	0
15.080	0
15.084	0
15.089	0
15.093	0
15.098	0
15.102	0
15.107	0
15.111	0
15.115	0
15.120	0
15.124	0
15.129	0
15.133	0
15.138	0
15.142	0
15.147	0
15.151	0
15.156	0
15.160	0
15.165	0
15.169	0
15.174	0
15.178	0
15.183	1
15.187	0
15.192	0
15.196	1
15.201	0
15.205	0
15.210	0
15.214	0
15.218	0
15.223	0
15.227	0
15.232	0
15.236	0
15.241	0
15.245	0
15.250	0
15.254	0
15.259	0
15.263	0
15.268	0
15.272	0
15.277	0
15.281	0
15.286	0
15.290	1
15.295	0
15.299	1
15.304	0
15.308	0
15.313	0
15.317	0
15.322	0
15.326	0
15.330	0
15.335	0
15.339	0
15.344	0
15.348	0
15.353	0
15.357	0
15.362	0
15.366	0
15.371	0
15.375	0
15.380	0
15.384	0
15.389	0
15.393	0
15.398	0
15.402	0
15.407	0
15.411	0
15.416	0
15.420	0
15.425	0
15.429	0
15.433	0
15.438	0
15.442	0
15.447	0
15.451	0
15.456	0
15.460	0
15.465	0
15.469	1
15.474	0
15.478	0
15.483	1
15.487	1
15.492	0
15.496	0
15.501	0
15.505	0
15.510	0
15.514	0
15.519	0
15.523	0
15.528	0
15.532	0
15.537	1
15.541	0
15.545	0
15.550	0
15.554	0
15.559	0
15.563	0
15.568	0
15.572	0
15.577	1
15.581	0
15.586	0
15.590	0
15.595	0
15.599	0
15.604	1
15.608	2
15.613	0
15.617	0
15.622	0
15.626	0
15.631	0
15.635	0
15.640	0
15.644	0
15.648	0
15.653	2
15.657	1
15.662	0
15.666	0
15.671	0
15.675	0
15.680	0
15.684	0
15.689	0
15.693	0
15.698	0
15.702	1
15.707	0
15.711	0
15.716	0
15.720	1
15.725	0
15.729	0
15.734	0
15.738	0
15.743	1
15.747	0
15.751	0
15.756	0
15.760	0
15.765	0
15.769	0
15.774	0
15.778	0
15.783	0
15.787	0
15.792	0
15.796	0
15.801	0
15.805	0
15.810	0
15.814	0
15.819	0
15.823	0
15.828	0
15.832	0
15.837	0
15.841	0
15.846	0
15.850	0
15.855	0
15.859	0
15.863	0
15.868	0
15.872	0
15.877	0
15.881	0
15.886	0
15.890	0
15.895	0
15.899	0
15.904	0
15.908	0
15.913	1
15.917	0
15.922	0
15.926	0
15.931	0
15.935	0
15.940	0
15.944	0
15.949	0
15.953	0
15.958	0
15.962	0
15.966	0
15.971	0
15.975	0
15.980	0
15.984	1
15.989	0
15.993	0
15.998	0
16.002	0
16.007	0
16.011	1
16.016	1
16.020	0
16.025	0
16.029	0
16.034	0
16.038	0
16.043	0
16.047	0
16.052	0
16.056	0
16.061	0
16.065	0
16.070	0
16.074	0
16.078	0
16.083	0
16.087	0
16.092	0
16.096	0
16.101	0
16.105	0
16.110	1
16.114	0
16.119	0
16.123	0
16.128	1
16.132	0
16.137	0
16.141	0
16.146	0
16.150	0
16.155	0
16.159	0
16.164	0
16.168	0
16.173	0
16.177	0
16.181	0
16.186	0
16.190	0
16.195	0
16.199	0
16.204	1
16.208	0
16.213	0
16.217	0
16.222	0
16.226	0
16.231	0
16.235	1
16.240	0
16.244	0
16.249	0
16.253	0
16.258	0
16.262	0
16.267	0
16.271	1
16.276	0
16.280	1
16.284	1
16.289	0
16.293	0
16.298	0
16.302	0
16.307	0
16.311	0
16.316	0
16.320	0
16.325	0
16.329	1
16.334	0
16.338	0
16.343	0
16.347	1
16.352	1
16.356	0
16.361	0
16.365	1
16.370	0
16.374	0
16.379	1
16.383	1
16.388	0
16.392	0
16.396	0
16.401	0
16.405	0
16.410	0
16.414	0
16.419	0
16.423	0
16.428	0
16.432	0
16.437	0
16.441	0
16.446	0
16.450	0
16.455	0
16.459	0
16.464	0
16.468	0
16.473	0
16.477	0
16.482	0
16.486	0
16.491	0
16.495	0
16.499	0
16.504	0
16.508	1
16.513	0
16.517	0
16.522	0
16.526	0
16.531	0
16.535	0
16.540	0
16.544	0
16.549	0
16.553	0
16.558	0
16.562	0
16.567	0
16.571	0
16.576	0
16.580	0
16.585	1
16.589	0
16.594	0
16.598	1
16.603	0
16.607	0
16.611	0
16.616	0
16.620	1
16.625	0
16.629	0
16.634	0
16.638	0
16.643	0
16.647	0
16.652	0
16.656	0
16.661	0
16.665	0
16.670	0
16.674	0
16.679	0
16.683	0
16.688	0
16.692	0
16.697	0
16.701	0
16.706	0
16.710	0
16.714	0
16.719	0
16.723	0
16.728	2
16.732	0
16.737	0
16.741	0
16.746	0
16.750	1
16.755	0
16.759	0
16.764	0
16.768	0
16.773	0
16.777	0
16.782	0
16.786	0
16.791	0
16.795	0
16.800	0
16.804	0
16.809	0
16.813	1
16.817	0
16.822	0
16.826	0
16.831	1
16.835	0
16.840	0
16.844	1
16.849	0
16.853	1
16.858	0
16.862	0
16.867	0
16.871	0
16.876	0
16.880	0
16.885	0
16.889	0
16.894	0
16.898	1
16.903	0
16.907	0
16.912	1
16.916	0
16.921	1
16.925	0
16.929	0
16.934	0
16.938	0
16.943	0
16.947	0
16.952	0
16.956	0
16.961	0
16.965	0
16.970	0
16.974	0
16.979	0
16.983	0
16.988	1
16.992	0
16.997	0
17.001	0
17.006	0
17.010	1
17.015	0
17.019	1
17.024	0
17.028	0
17.032	0
17.037	0
17.041	0
17.046	0
17.050	0
17.055	0
17.059	0
17.064	0
17.068	0
17.073	0
17.077	0
17.082	0
17.086	0
17.091	1
17.095	0
17.100	0
17.104	0
17.109	0
17.113	0
17.118	2
17.122	0
17.127	2
17.131	1
17.136	0
17.140	2
17.144	0
17.149	0
17.153	0
17.158	0
17.162	1
17.167	0
17.171	0
17.176	0
17.180	1
17.185	0
17.189	0
17.194	0
17.198	1
17.203	0
17.207	0
17.212	0
17.216	0
17.221	1
17.225	0
17.230	0
17.234	0
17.239	0
17.243	0
17.247	0
17.252	0
17.256	1
17.261	1
17.265	0
17.270	0
17.274	0
17.279	0
17.283	0
17.288	0
17.292	0
17.297	0
17.301	0
17.306	0
17.310	2
17.315	0
17.319	0
17.324	0
17.328	0
17.333	0
17.337	0
17.342	1
17.346	0
17.350	0
17.355	0
17.359	0
17.364	0
17.368	1
17.373	0
17.377	1
17.382	0
17.386	0
17.391	0
17.395	0
17.400	1
17.404	1
17.409	1
17.413	0
17.418	0
17.422	0
17.427	0
17.431	0
17.436	1
17.440	0
17.445	2
17.449	0
17.454	0
17.458	0
17.462	1
17.467	0
17.471	0
17.476	0
17.480	0
17.485	0
17.489	0
17.494	0
17.498	0
17.503	0
17.507	0
17.512	1
17.516	1
17.521	0
17.525	0
17.530	0
17.534	0
17.539	0
17.543	0
17.548	1
17.552	1
17.557	1
17.561	1
17.565	1
17.570	0
17.574	0
17.579	0
17.583	0
17.588	1
17.592	0
17.597	0
17.601	0
17.606	3
17.610	1
17.615	0
17.619	0
17.624	0
17.628	0
17.633	0
17.637	0
17.642	1
17.646	0
17.651	0
17.655	0
17.660	0
17.664	0
17.669	0
17.673	0
17.677	0
17.682	0
17.686	0
17.691	0
17.695	0
17.700	3
17.704	0
17.709	1
17.713	0
17.718	0
17.722	0
17.727	0
17.731	0
17.736	1
17.740	0
17.745	0
17.749	0
17.754	1
17.758	0
17.763	0
17.767	0
17.772	0
17.776	2
17.780	1
17.785	0
17.789	0
17.794	1
17.798	0
17.803	0
17.807	0
17.812	0
17.816	0
17.821	0
17.825	1
17.830	0
17.834	0
17.839	1
17.843	0
17.848	1
17.852	0
17.857	1
17.861	1
17.866	0
17.870	0
17.875	0
17.879	0
17.883	0
17.888	4
17.892	2
17.897	9
17.901	4
17.906	5
17.910	9
17.915	11
17.919	3
17.924	0
17.928	1
17.933	0
17.937	0
17.942	1
17.946	2
17.951	0
17.955	0
17.960	0
17.964	0
17.969	1
17.973	2
17.978	0
17.982	2
17.987	0
17.991	1
17.995	0
18.000	1
18.004	0
18.009	2
18.013	0
18.018	1
18.022	0
18.027	2
18.031	0
18.036	1
18.040	3
18.045	3
18.049	3
18.054	4
18.058	6
18.063	4
18.067	15
18.072	30
18.076	50
18.081	70
18.085	108
18.090	128
18.094	135
18.098	103
18.103	73
18.107	40
18.112	14
18.116	6
18.121	0
18.125	0
18.130	0
18.134	0
18.139	1
18.143	0
18.148	0
18.152	0
18.157	0
18.161	0
18.166	0
18.170	1
18.175	1
18.179	0
18.184	0
18.188	0
18.193	0
18.197	0
18.202	0
18.206	0
18.210	0
18.215	0
18.219	0
18.224	1
18.228	0
18.233	0
18.237	0
18.242	0
18.246	0
18.251	1
18.255	0
18.260	0
18.264	0
18.269	1
18.273	0
18.278	0
18.282	0
18.287	0
18.291	1
18.296	0
18.300	0
18.305	1
18.309	0
18.313	0
18.318	0
18.322	1
18.327	0
18.331	0
18.336	0
18.340	1
18.345	0
18.349	0
18.354	0
18.358	0
18.363	1
18.367	0
18.372	1
18.376	0
18.381	0
18.385	0
18.390	0
18.394	0
18.399	0
18.403	0
18.408	0
18.412	0
18.416	0
18.421	0
18.425	0
18.430	0
18.434	0
18.439	0
18.443	0
18.448	0
18.452	0
18.457	0
18.461	0
18.466	0
18.470	0
18.475	1
18.479	2
18.484	0
18.488	0
18.493	2
18.497	0
18.502	0
18.506	0
18.511	1
18.515	1
18.520	1
18.524	4
18.528	1
18.533	2
18.537	1
18.542	2
18.546	1
18.551	2
18.555	1
18.560	3
18.564	3
18.569	4
18.573	8
18.578	3
18.582	10
18.587	5
18.591	12
18.596	25
18.600	19
18.605	27
18.609	28
18.614	43
18.618	29
18.623	20
18.627	10
18.631	4
18.636	1
18.640	0
18.645	1
18.649	0
18.654	0
18.658	1
18.663	0
18.667	0
18.672	0
18.676	1
18.681	2
18.685	0
18.690	0
18.694	0
18.699	0
18.703	0
18.708	0
18.712	0
18.717	0
18.721	0
18.726	0
18.730	1
18.735	2
18.739	2
18.743	1
18.748	0
18.752	1
18.757	2
18.761	5
18.766	5
18.770	4
18.775	16
18.779	16
18.784	18
18.788	35
18.793	62
18.797	49
18.802	69
18.806	33
18.811	21
18.815	6
18.820	5
18.824	3
18.829	1
18.833	0
18.838	0
18.842	0
18.846	0
18.851	0
18.855	1
18.860	0
18.864	0
18.869	0
18.873	0
18.878	0
18.882	0
18.887	0
18.891	0
18.896	0
18.900	0
18.905	0
18.909	0
18.914	0
18.918	0
18.923	0
18.927	0
18.932	0
18.936	0
18.941	0
18.945	0
18.949	0
18.954	0
18.958	0
18.963	1
18.967	0
18.972	0
18.976	0
18.981	0
18.985	0
18.990	1
18.994	1
18.999	1
19.003	0
19.008	0
19.012	0
19.017	0
19.021	0
19.026	1
19.030	0
19.035	0
19.039	0
19.044	0
19.048	0
19.053	0
19.057	0
19.061	0
19.066	0
19.070	0
19.075	0
19.079	0
19.084	0
19.088	1
19.093	0
19.097	0
19.102	1
19.106	0
19.111	2
19.115	0
19.120	0
19.124	0
19.129	1
19.133	1
19.138	0
19.142	0
19.147	0
19.151	0
19.156	0
19.160	0
19.164	0
19.169	0
19.173	0
19.178	1
19.182	0
19.187	0
19.191	0
19.196	1
19.200	0
19.205	0
19.209	0
19.214	1
19.218	1
19.223	3
19.227	1
19.232	1
19.236	1
19.241	1
19.245	0
19.250	0
19.254	2
19.259	1
19.263	1
19.268	5
19.272	3
19.276	4
19.281	12
19.285	8
19.290	26
19.294	27
19.299	34
19.303	39
19.308	43
19.312	55
19.317	54
19.321	31
19.326	15
19.330	12
19.335	5
19.339	5
19.344	0
19.348	0
19.353	0
19.357	1
19.362	0
19.366	0
19.371	0
19.375	0
19.379	0
19.384	0
19.388	0
19.393	0
19.397	0
19.402	0
19.406	0
19.411	0
19.415	0
19.420	0
19.424	0
19.429	0
19.433	0
19.438	0
19.442	0
19.447	0
19.451	0
19.456	0
19.460	0
19.465	0
19.469	0
19.474	0
19.478	0
19.482	0
19.487	0
19.491	0
19.496	0
19.500	0
19.505	0
19.509	0
19.514	0
19.518	0
19.523	0
19.527	0
19.532	0
19.536	0
19.541	0
19.545	0
19.550	0
19.554	1
19.559	0
19.563	1
19.568	0
19.572	0
19.577	0
19.581	0
19.586	0
19.590	0
19.594	1
19.599	0
19.603	0
19.608	0
19.612	0
19.617	0
19.621	0
19.626	0
19.630	0
19.635	0
19.639	0
19.644	0
19.648	0
19.653	0
19.657	0
19.662	0
19.666	0
19.671	0
19.675	0
19.680	0
19.684	0
19.689	0
19.693	0
19.697	0
19.702	0
19.706	0
19.711	0
19.715	0
19.720	0
19.724	0
19.729	0
19.733	0
19.738	0
19.742	0
19.747	0
19.751	0
19.756	0
19.760	0
19.765	0
19.769	0
19.774	0
19.778	0
19.783	0
19.787	0
19.792	0
19.796	0
19.801	0
19.805	0
19.809	0
19.814	0
19.818	0
19.823	0
19.827	0
19.832	1
19.836	0
19.841	1
19.845	0
19.850	0
19.854	0
19.859	0
19.863	0
19.868	0
19.872	0
19.877	0
19.881	0
19.886	0
19.890	0
19.895	0
19.899	0
19.904	0
19.908	1
19.912	0
19.917	0
19.921	0
19.926	0
19.930	0
19.935	0
19.939	0
19.944	0
19.948	0
19.953	0
19.957	0
19.962	0
19.966	0
19.971	0
19.975	0
19.980	0
19.984	0
19.989	0
19.993	0
19.998	0
20.002	0
20.007	0
20.011	0
20.016	0
20.020	0
20.024	0
20.029	0
20.033	0
20.038	0
20.042	0
20.047	0
20.051	0
20.056	0
20.060	0
20.065	0
20.069	0
20.074	0
20.078	0
20.083	0
20.087	0
20.092	0
20.096	0
20.101	0
20.105	0
20.110	0
20.114	0
20.119	0
20.123	0
20.127	0
20.132	0
20.136	0
20.141	0
20.145	0
20.150	1
20.154	0
20.159	0
20.163	0
20.168	0
20.172	0
20.177	0
20.181	0
20.186	0
20.190	0
20.195	0
20.199	0
20.204	0
20.208	0
20.213	0
20.217	0
20.222	0
20.226	0
20.230	0
20.235	0
20.239	0
20.244	0
20.248	0
20.253	0
20.257	0
20.262	0
20.266	1
20.271	0
20.275	0
20.280	0
20.284	0
20.289	0
20.293	0
20.298	0
20.302	0
20.307	0
20.311	0
20.316	0
20.320	0
20.325	0
20.329	0
20.334	0
20.338	0
20.342	0
20.347	0
20.351	0
20.356	0
20.360	0
20.365	0
20.369	0
20.374	0
20.378	0
20.383	0
20.387	0
20.392	0
20.396	0
20.401	0
20.405	0
20.410	0
20.414	0
20.419	0
20.423	1
20.428	0
20.432	0
20.437	0
20.441	0
20.445	0
20.450	0
20.454	0
20.459	0
20.463	0
20.468	0
20.472	0
20.477	0
20.481	0
20.486	0
20.490	0
20.495	0
20.499	0
20.504	1
20.508	0
20.513	0
20.517	0
20.522	0
20.526	0
20.531	0
20.535	0
20.540	0
20.544	0
20.549	0
20.553	0
20.557	0
20.562	0
20.566	1
20.571	0
20.575	1
20.580	0
20.584	0
20.589	0
20.593	0
20.598	0
20.602	0
20.607	0
20.611	0
20.616	0
20.620	0
20.625	0
20.629	0
20.634	0
20.638	0
20.643	1
20.647	0
20.652	0
20.656	0
20.660	0
20.665	0
20.669	0
20.674	0
20.678	0
20.683	0
20.687	0
20.692	0
20.696	0
20.701	0
20.705	0
20.710	0
20.714	0
20.719	0
20.723	0
20.728	0
20.732	0
20.737	0
20.741	0
20.746	0
20.750	0
20.755	0
20.759	0
20.763	0
20.768	0
20.772	0
20.777	0
20.781	0
20.786	0
20.790	1
20.795	0
20.799	0
20.804	0
20.808	0
20.813	0
20.817	0
20.822	0
20.826	0
20.831	0
20.835	0
20.840	0
20.844	0
20.849	0
20.853	0
20.858	0
20.862	0
20.867	0
20.871	0
20.875	0
20.880	0
20.884	1
20.889	0
20.893	0
20.898	1
20.902	0
20.907	0
20.911	1
20.916	0
20.920	0
20.925	0
20.929	0
20.934	1
20.938	0
20.943	0
20.947	2
20.952	2
20.956	0
20.961	3
20.965	4
20.970	7
20.974	7
20.978	12
20.983	27
20.987	28
20.992	35
20.996	59
21.001	41
21.005	46
21.010	36
21.014	31
21.019	13
21.023	6
21.028	2
21.032	1
21.037	0
21.041	0
21.046	0
21.050	0
21.055	0
21.059	0
21.064	0
21.068	0
21.073	0
21.077	0
21.082	0
21.086	0
21.090	0
21.095	0
21.099	0
21.104	0
21.108	0
21.113	0
21.117	0
21.122	0
21.126	0
21.131	0
21.135	0
21.140	0
21.144	0
21.149	0
21.153	0
21.158	0
21.162	0
21.167	0
21.171	0
21.176	0
21.180	0
21.185	0
21.189	0
21.193	0
21.198	0
21.202	0
21.207	0
21.211	0
21.216	0
21.220	0
21.225	0
21.229	0
21.234	0
21.238	0
21.243	0
21.247	0
21.252	0
21.256	0
21.261	0
21.265	0
21.270	0
21.274	0
21.279	0
21.283	0
21.288	0
21.292	0
21.296	0
21.301	0
21.305	0
21.310	0
21.314	0
21.319	0
21.323	0
21.328	0
21.332	0
21.337	0
21.341	0
21.346	0
21.350	0
21.355	0
21.359	0
21.364	0
21.368	0
21.373	0
21.377	0
21.382	0
21.386	0
21.391	0
21.395	0
21.400	0
21.404	0
21.408	0
21.413	0
21.417	0
21.422	0
21.426	0
21.431	0
21.435	0
21.440	0
21.444	0
21.449	0
21.453	0
21.458	0
21.462	0
21.467	0
21.471	0
21.476	0
21.480	0
21.485	0
21.489	0
21.494	0
21.498	0
21.503	0
21.507	0
21.511	0
21.516	0
21.520	0
21.525	0
21.529	0
21.534	0
21.538	0
21.543	0
21.547	0
21.552	0
21.556	0
21.561	0
21.565	0
21.570	0
21.574	0
21.579	0
21.583	0
21.588	0
21.592	0
21.597	0
21.601	0
21.606	0
21.610	0
21.615	0
21.619	0
21.623	0
21.628	0
21.632	0
21.637	0
21.641	0
21.646	0
21.650	0
21.655	0
21.659	0
21.664	0
21.668	0
21.673	0
21.677	0
21.682	0
21.686	0
21.691	0
21.695	0
21.700	0
21.704	0
21.709	0
21.713	0
21.718	0
21.722	0
21.726	0
21.731	0
21.735	0
21.740	0
21.744	0
21.749	0
21.753	0
21.758	0
21.762	0
21.767	0
21.771	0
21.776	0
21.780	0
21.785	0
21.789	0
21.794	0
21.798	0
21.803	0
21.807	0
21.812	0
21.816	0
21.821	0
21.825	0
21.829	0
21.834	0
21.838	0
21.843	0
21.847	0
21.852	0
21.856	0
21.861	0
21.865	0
21.870	0
21.874	0
21.879	0
21.883	0
21.888	0
21.892	0
21.897	0
21.901	0
21.906	0
21.910	0
21.915	0
21.919	0
21.924	0
21.928	0
21.933	0
21.937	0
21.941	0
21.946	0
21.950	0
21.955	0
21.959	0
21.964	0
21.968	0
21.973	0
21.977	0
21.982	0
21.986	0
21.991	0
21.995	0
22.000	0
22.004	0
22.009	0
22.013	0
22.018	0
22.022	0
22.027	0
22.031	0
22.036	0
22.040	0
22.044	0
22.049	0
22.053	0
22.058	0
22.062	0
22.067	0
22.071	0
22.076	0
22.080	0
22.085	0
22.089	0
22.094	0
22.098	0
22.103	0
22.107	0
22.112	0
22.116	0
22.121	0
22.125	0
22.130	0
22.134	0
22.139	0
22.143	0
22.148	0
22.152	0
22.156	0
22.161	0
22.165	0
22.170	0
22.174	0
22.179	0
22.183	0
22.188	0
22.192	0
22.197	0
22.201	0
22.206	0
22.210	0
22.215	0
22.219	0
22.224	0
22.228	0
22.233	0
22.237	0
22.242	0
22.246	0
22.251	0
22.255	0
22.259	0
22.264	0
22.268	0
22.273	0
22.277	0
22.282	0
22.286	0
22.291	0
22.295	0
22.300	0
22.304	0
22.309	0
22.313	0
22.318	0
22.322	0
22.327	0
22.331	0
22.336	0
22.340	0
22.345	0
22.349	0
22.354	0
22.358	0
22.362	0
22.367	0
22.371	0
22.376	0
22.380	0
22.385	0
22.389	0
22.394	0
22.398	0
22.403	0
22.407	0
22.412	0
22.416	0
22.421	0
22.425	0
22.430	0
22.434	0
22.439	0
22.443	0
22.448	0
22.452	0
22.457	0
22.461	0
22.466	0
22.470	0
