-2.402	0
-2.397	0
-2.393	0
-2.388	0
-2.384	0
-2.379	0
-2.375	0
-2.370	0
-2.366	0
-2.361	4
-2.357	154
-2.352	234
-2.348	246
-2.343	282
-2.339	269
-2.334	235
-2.330	186
-2.326	182
-2.321	156
-2.317	155
-2.312	169
-2.308	135
-2.303	143
-2.299	127
-2.294	127
-2.290	119
-2.285	129
-2.281	118
-2.276	109
-2.272	118
-2.267	121
-2.263	111
-2.258	108
-2.254	110
-2.250	93
-2.245	83
-2.241	92
-2.236	93
-2.232	85
-2.227	83
-2.223	81
-2.218	76
-2.214	84
-2.209	70
-2.205	48
-2.200	49
-2.196	56
-2.191	55
-2.187	55
-2.183	49
-2.178	35
-2.174	36
-2.169	32
-2.165	30
-2.160	41
-2.156	39
-2.151	33
-2.147	35
-2.142	24
-2.138	21
-2.133	24
-2.129	24
-2.124	21
-2.120	23
-2.115	13
-2.111	13
-2.107	7
-2.102	20
-2.098	11
-2.093	14
-2.089	15
-2.084	6
-2.080	11
-2.075	8
-2.071	12
-2.066	11
-2.062	5
-2.057	9
-2.053	6
-2.048	4
-2.044	6
-2.039	5
-2.035	6
-2.031	2
-2.026	11
-2.022	7
-2.017	5
-2.013	1
-2.008	3
-2.004	7
-1.999	4
-1.995	3
-1.990	2
-1.986	1
-1.981	2
-1.977	3
-1.972	4
-1.968	0
-1.963	2
-1.959	4
-1.955	1
-1.950	3
-1.946	0
-1.941	0
-1.937	3
-1.932	2
-1.928	0
-1.923	1
-1.919	2
-1.914	1
-1.910	1
-1.905	1
-1.901	1
-1.896	3
-1.892	0
-1.887	0
-1.883	1
-1.879	0
-1.874	0
-1.870	0
-1.865	0
-1.861	0
-1.856	0
-1.852	1
-1.847	0
-1.843	0
-1.838	0
-1.834	0
-1.829	1
-1.825	0
-1.820	0
-1.816	0
-1.811	0
-1.807	0
-1.803	0
-1.798	0
-1.794	0
-1.789	0
-1.785	0
-1.780	1
-1.776	0
-1.771	0
-1.767	1
-1.762	1
-1.758	0
-1.753	0
-1.749	0
-1.744	1
-1.740	0
-1.736	0
-1.731	1
-1.727	0
-1.722	0
-1.718	0
-1.713	0
-1.709	0
-1.704	1
-1.700	0
-1.695	0
-1.691	0
-1.686	0
-1.682	0
-1.677	0
-1.673	0
-1.668	0
-1.664	1
-1.660	0
-1.655	0
-1.651	1
-1.646	0
-1.642	1
-1.637	0
-1.633	1
-1.628	0
-1.624	0
-1.619	2
-1.615	1
-1.610	0
-1.606	0
-1.601	0
-1.597	0
-1.592	0
-1.588	0
-1.584	0
-1.579	0
-1.575	0
-1.570	0
-1.566	0
-1.561	0
-1.557	0
-1.552	0
-1.548	1
-1.543	0
-1.539	0
-1.534	0
-1.530	0
-1.525	0
-1.521	0
-1.516	0
-1.512	0
-1.508	0
-1.503	1
-1.499	1
-1.494	0
-1.490	0
-1.485	0
-1.481	0
-1.476	0
-1.472	0
-1.467	0
-1.463	0
-1.458	0
-1.454	0
-1.449	1
-1.445	0
-1.440	0
-1.436	0
-1.432	0
-1.427	0
-1.423	0
-1.418	0
-1.414	0
-1.409	0
-1.405	0
-1.400	1
-1.396	0
-1.391	1
-1.387	0
-1.382	1
-1.378	0
-1.373	0
-1.369	0
-1.364	0
-1.360	1
-1.356	0
-1.351	0
-1.347	0
-1.342	0
-1.338	0
-1.333	0
-1.329	0
-1.324	0
-1.320	0
-1.315	0
-1.311	0
-1.306	0
-1.302	1
-1.297	0
-1.293	0
-1.289	0
-1.284	0
-1.280	0
-1.275	0
-1.271	1
-1.266	0
-1.262	0
-1.257	1
-1.253	1
-1.248	0
-1.244	0
-1.239	0
-1.235	1
-1.230	1
-1.226	0
-1.221	0
-1.217	0
-1.213	0
-1.208	1
-1.204	0
-1.199	1
-1.195	0
-1.190	0
-1.186	0
-1.181	1
-1.177	1
-1.172	0
-1.168	1
-1.163	0
-1.159	0
-1.154	0
-1.150	0
-1.145	0
-1.141	0
-1.137	0
-1.132	1
-1.128	0
-1.123	0
-1.119	1
-1.114	2
-1.110	0
-1.105	1
-1.101	0
-1.096	0
-1.092	0
-1.087	0
-1.083	0
-1.078	0
-1.074	0
-1.069	0
-1.065	0
-1.061	0
-1.056	1
-1.052	0
-1.047	0
-1.043	1
-1.038	0
-1.034	0
-1.029	0
-1.025	1
-1.020	0
-1.016	0
-1.011	1
-1.007	1
-1.002	0
-0.998	0
-0.993	0
-0.989	1
-0.985	0
-0.980	0
-0.976	0
-0.971	0
-0.967	1
-0.962	1
-0.958	0
-0.953	1
-0.949	0
-0.944	0
-0.940	1
-0.935	0
-0.931	0
-0.926	0
-0.922	0
-0.917	2
-0.913	0
-0.909	1
-0.904	0
-0.900	1
-0.895	0
-0.891	0
-0.886	0
-0.882	0
-0.877	0
-0.873	0
-0.868	0
-0.864	0
-0.859	0
-0.855	0
-0.850	0
-0.846	0
-0.842	1
-0.837	1
-0.833	0
-0.828	0
-0.824	0
-0.819	0
-0.815	0
-0.810	1
-0.806	1
-0.801	0
-0.797	0
-0.792	0
-0.788	0
-0.783	1
-0.779	1
-0.774	0
-0.770	0
-0.766	0
-0.761	0
-0.757	0
-0.752	1
-0.748	1
-0.743	0
-0.739	1
-0.734	0
-0.730	0
-0.725	1
-0.721	0
-0.716	0
-0.712	1
-0.707	0
-0.703	1
-0.698	0
-0.694	0
-0.690	1
-0.685	0
-0.681	0
-0.676	0
-0.672	0
-0.667	0
-0.663	0
-0.658	0
-0.654	0
-0.649	1
-0.645	1
-0.640	0
-0.636	0
-0.631	0
-0.627	0
-0.622	1
-0.618	0
-0.614	0
-0.609	0
-0.605	0
-0.600	0
-0.596	0
-0.591	2
-0.587	0
-0.582	0
-0.578	0
-0.573	0
-0.569	0
-0.564	0
-0.560	0
-0.555	0
-0.551	0
-0.546	0
-0.542	0
-0.538	0
-0.533	0
-0.529	1
-0.524	0
-0.520	1
-0.515	0
-0.511	0
-0.506	0
-0.502	0
-0.497	0
-0.493	1
-0.488	0
-0.484	0
-0.479	0
-0.475	0
-0.470	0
-0.466	0
-0.462	2
-0.457	0
-0.453	0
-0.448	0
-0.444	1
-0.439	0
-0.435	0
-0.430	0
-0.426	1
-0.421	0
-0.417	0
-0.412	0
-0.408	0
-0.403	0
-0.399	2
-0.395	0
-0.390	0
-0.386	0
-0.381	1
-0.377	0
-0.372	1
-0.368	0
-0.363	2
-0.359	0
-0.354	2
-0.350	0
-0.345	2
-0.341	0
-0.336	0
-0.332	0
-0.327	0
-0.323	0
-0.319	1
-0.314	0
-0.310	1
-0.305	1
-0.301	1
-0.296	0
-0.292	1
-0.287	0
-0.283	0
-0.278	0
-0.274	0
-0.269	0
-0.265	0
-0.260	0
-0.256	0
-0.251	0
-0.247	1
-0.243	1
-0.238	0
-0.234	1
-0.229	0
-0.225	1
-0.220	1
-0.216	0
-0.211	0
-0.207	0
-0.202	0
-0.198	1
-0.193	0
-0.189	0
-0.184	0
-0.180	0
-0.175	0
-0.171	0
-0.167	1
-0.162	0
-0.158	0
-0.153	0
-0.149	2
-0.144	0
-0.140	1
-0.135	2
-0.131	0
-0.126	0
-0.122	1
-0.117	0
-0.113	0
-0.108	0
-0.104	0
-0.099	1
-0.095	1
-0.091	1
-0.086	0
-0.082	0
-0.077	0
-0.073	1
-0.068	0
-0.064	0
-0.059	1
-0.055	1
-0.050	0
-0.046	0
-0.041	0
-0.037	0
-0.032	0
-0.028	0
-0.023	0
-0.019	0
-0.015	1
-0.010	0
-0.006	2
-0.001	0
0.003	0
0.008	0
0.012	0
0.017	0
0.021	0
0.026	1
0.030	0
0.035	1
0.039	0
0.044	0
0.048	0
0.052	0
0.057	1
0.061	0
0.066	1
0.070	0
0.075	0
0.079	0
0.084	1
0.088	0
0.093	0
0.097	1
0.102	0
0.106	0
0.111	0
0.115	1
0.120	0
0.124	1
0.128	1
0.133	0
0.137	1
0.142	0
0.146	0
0.151	1
0.155	2
0.160	0
0.164	0
0.169	0
0.173	0
0.178	1
0.182	1
0.187	0
0.191	1
0.196	1
0.200	0
0.204	1
0.209	0
0.213	1
0.218	0
0.222	0
0.227	0
0.231	0
0.236	0
0.240	0
0.245	0
0.249	1
0.254	0
0.258	0
0.263	0
0.267	0
0.272	0
0.276	0
0.280	0
0.285	0
0.289	1
0.294	2
0.298	1
0.303	1
0.307	0
0.312	0
0.316	1
0.321	1
0.325	0
0.330	0
0.334	1
0.339	1
0.343	5
0.348	1
0.352	0
0.356	1
0.361	1
0.365	1
0.370	2
0.374	0
0.379	1
0.383	2
0.388	0
0.392	0
0.397	0
0.401	0
0.406	1
0.410	0
0.415	1
0.419	1
0.424	3
0.428	1
0.432	0
0.437	0
0.441	0
0.446	0
0.450	0
0.455	0
0.459	0
0.464	2
0.468	0
0.473	0
0.477	0
0.482	0
0.486	0
0.491	0
0.495	0
0.499	1
0.504	0
0.508	0
0.513	0
0.517	0
0.522	0
0.526	0
0.531	0
0.535	0
0.540	1
0.544	0
0.549	0
0.553	0
0.558	0
0.562	1
0.567	0
0.571	1
0.575	0
0.580	0
0.584	2
0.589	2
0.593	0
0.598	1
0.602	0
0.607	1
0.611	0
0.616	0
0.620	0
0.625	1
0.629	1
0.634	0
0.638	0
0.643	0
0.647	1
0.651	0
0.656	0
0.660	0
0.665	1
0.669	0
0.674	2
0.678	2
0.683	0
0.687	0
0.692	1
0.696	2
0.701	1
0.705	1
0.710	0
0.714	0
0.719	0
0.723	0
0.727	1
0.732	0
0.736	0
0.741	1
0.745	0
0.750	0
0.754	0
0.759	0
0.763	0
0.768	2
0.772	1
0.777	1
0.781	1
0.786	0
0.790	0
0.795	0
0.799	1
0.803	0
0.808	0
0.812	0
0.817	0
0.821	0
0.826	0
0.830	2
0.835	0
0.839	0
0.844	1
0.848	1
0.853	0
0.857	1
0.862	1
0.866	1
0.871	1
0.875	0
0.879	0
0.884	0
0.888	0
0.893	0
0.897	1
0.902	1
0.906	1
0.911	0
0.915	0
0.920	0
0.924	1
0.929	1
0.933	0
0.938	0
0.942	0
0.946	0
0.951	1
0.955	1
0.960	0
0.964	1
0.969	0
0.973	0
0.978	2
0.982	0
0.987	0
0.991	0
0.996	0
1.000	0
1.005	2
1.009	1
1.014	1
1.018	1
1.022	1
1.027	0
1.031	1
1.036	0
1.040	0
1.045	1
1.049	1
1.054	0
1.058	0
1.063	0
1.067	0
1.072	2
1.076	0
1.081	0
1.085	3
1.090	1
1.094	2
1.098	0
1.103	0
1.107	0
1.112	0
1.116	0
1.121	1
1.125	0
1.130	1
1.134	0
1.139	1
1.143	1
1.148	0
1.152	0
1.157	2
1.161	2
1.166	1
1.170	1
1.174	0
1.179	1
1.183	0
1.188	1
1.192	1
1.197	1
1.201	0
1.206	0
1.210	1
1.215	0
1.219	1
1.224	0
1.228	1
1.233	3
1.237	1
1.242	1
1.246	1
1.250	0
1.255	0
1.259	0
1.264	1
1.268	0
1.273	1
1.277	0
1.282	2
1.286	1
1.291	0
1.295	2
1.300	0
1.304	0
1.309	1
1.313	3
1.318	0
1.322	0
1.326	0
1.331	1
1.335	0
1.340	0
1.344	3
1.349	0
1.353	0
1.358	1
1.362	1
1.367	0
1.371	0
1.376	1
1.380	1
1.385	1
1.389	0
1.393	2
1.398	1
1.402	0
1.407	1
1.411	1
1.416	2
1.420	1
1.425	0
1.429	1
1.434	1
1.438	0
1.443	0
1.447	1
1.452	0
1.456	1
1.461	0
1.465	0
1.469	1
1.474	0
1.478	1
1.483	1
1.487	0
1.492	2
1.496	1
1.501	0
1.505	1
1.510	0
1.514	1
1.519	1
1.523	1
1.528	1
1.532	1
1.537	0
1.541	2
1.545	1
1.550	1
1.554	0
1.559	1
1.563	1
1.568	1
1.572	0
1.577	1
1.581	0
1.586	1
1.590	1
1.595	0
1.599	3
1.604	3
1.608	0
1.613	0
1.617	3
1.621	1
1.626	2
1.630	2
1.635	1
1.639	0
1.644	1
1.648	2
1.653	0
1.657	2
1.662	0
1.666	1
1.671	0
1.675	3
1.680	1
1.684	0
1.689	2
1.693	0
1.697	0
1.702	0
1.706	3
1.711	0
1.715	0
1.720	0
1.724	0
1.729	1
1.733	0
1.738	0
1.742	0
1.747	1
1.751	0
1.756	0
1.760	0
1.765	2
1.769	1
1.773	1
1.778	2
1.782	0
1.787	4
1.791	2
1.796	0
1.800	1
1.805	2
1.809	1
1.814	1
1.818	0
1.823	1
1.827	1
1.832	2
1.836	0
1.841	2
1.845	0
1.849	0
1.854	2
1.858	1
1.863	0
1.867	0
1.872	2
1.876	3
1.881	0
1.885	1
1.890	0
1.894	0
1.899	0
1.903	0
1.908	1
1.912	2
1.916	2
1.921	0
1.925	0
1.930	2
1.934	0
1.939	1
1.943	0
1.948	0
1.952	2
1.957	0
1.961	3
1.966	1
1.970	0
1.975	2
1.979	0
1.984	3
1.988	2
1.992	1
1.997	3
2.001	2
2.006	2
2.010	4
2.015	0
2.019	1
2.024	1
2.028	0
2.033	0
2.037	4
2.042	1
2.046	1
2.051	0
2.055	0
2.060	1
2.064	0
2.068	1
2.073	1
2.077	1
2.082	1
2.086	1
2.091	0
2.095	0
2.100	2
2.104	2
2.109	1
2.113	2
2.118	0
2.122	3
2.127	3
2.131	1
2.136	3
2.140	1
2.144	1
2.149	0
2.153	2
2.158	3
2.162	4
2.167	3
2.171	3
2.176	13
2.180	8
2.185	23
2.189	28
2.194	37
2.198	27
2.203	25
2.207	14
2.212	11
2.216	4
2.220	4
2.225	2
2.229	1
2.234	1
2.238	3
2.243	2
2.247	2
2.252	5
2.256	2
2.261	4
2.265	3
2.270	4
2.274	1
2.279	2
2.283	2
2.288	1
2.292	2
2.296	5
2.301	3
2.305	7
2.310	1
2.314	4
2.319	3
2.323	6
2.328	5
2.332	6
2.337	6
2.341	12
2.346	21
2.350	35
2.355	80
2.359	101
2.363	210
2.368	360
2.372	433
2.377	456
2.381	390
2.386	309
2.390	209
2.395	105
2.399	51
2.404	12
2.408	7
2.413	1
2.417	0
2.422	0
2.426	1
2.431	1
2.435	3
2.439	1
2.444	1
2.448	0
2.453	1
2.457	0
2.462	0
2.466	0
2.471	0
2.475	2
2.480	1
2.484	2
2.489	0
2.493	1
2.498	0
2.502	1
2.507	0
2.511	1
2.515	0
2.520	1
2.524	2
2.529	0
2.533	1
2.538	1
2.542	1
2.547	0
2.551	0
2.556	1
2.560	1
2.565	0
2.569	1
2.574	1
2.578	0
2.583	0
2.587	0
2.591	0
2.596	1
2.600	0
2.605	1
2.609	0
2.614	1
2.618	1
2.623	1
2.627	0
2.632	1
2.636	0
2.641	2
2.645	0
2.650	0
2.654	0
2.659	1
2.663	1
2.667	0
2.672	1
2.676	0
2.681	0
2.685	3
2.690	0
2.694	1
2.699	2
2.703	2
2.708	1
2.712	1
2.717	0
2.721	1
2.726	0
2.730	1
2.735	1
2.739	1
2.743	0
2.748	0
2.752	1
2.757	1
2.761	3
2.766	5
2.770	1
2.775	3
2.779	2
2.784	2
2.788	4
2.793	2
2.797	2
2.802	2
2.806	1
2.810	4
2.815	1
2.819	1
2.824	4
2.828	1
2.833	5
2.837	11
2.842	10
2.846	5
2.851	15
2.855	17
2.860	14
2.864	26
2.869	31
2.873	40
2.878	46
2.882	56
2.886	85
2.891	105
2.895	119
2.900	100
2.904	99
2.909	65
2.913	40
2.918	15
2.922	6
2.927	5
2.931	2
2.936	1
2.940	1
2.945	2
2.949	0
2.954	4
2.958	0
2.962	1
2.967	0
2.971	0
2.976	1
2.980	0
2.985	0
2.989	0
2.994	0
2.998	1
3.003	2
3.007	4
3.012	4
3.016	2
3.021	3
3.025	4
3.030	4
3.034	1
3.038	5
3.043	5
3.047	7
3.052	15
3.056	33
3.061	48
3.065	74
3.070	120
3.074	145
3.079	194
3.083	194
3.088	167
3.092	121
3.097	53
3.101	29
3.106	19
3.110	4
3.114	1
3.119	2
3.123	0
3.128	1
3.132	1
3.137	1
3.141	0
3.146	1
3.150	1
3.155	0
3.159	1
3.164	1
3.168	1
3.173	1
3.177	2
3.182	0
3.186	0
3.190	0
3.195	0
3.199	0
3.204	1
3.208	0
3.213	0
3.217	1
3.222	2
3.226	0
3.231	1
3.235	1
3.240	1
3.244	1
3.249	0
3.253	0
3.257	0
3.262	0
3.266	1
3.271	1
3.275	1
3.280	2
3.284	0
3.289	0
3.293	0
3.298	2
3.302	1
3.307	0
3.311	0
3.316	1
3.320	2
3.325	0
3.329	0
3.333	0
3.338	1
3.342	2
3.347	0
3.351	3
3.356	2
3.360	0
3.365	1
3.369	1
3.374	1
3.378	0
3.383	0
3.387	0
3.392	1
3.396	1
3.401	0
3.405	2
3.409	1
3.414	1
3.418	0
3.423	1
3.427	1
3.432	1
3.436	3
3.441	1
3.445	4
3.450	1
3.454	0
3.459	1
3.463	2
3.468	1
3.472	6
3.477	2
3.481	1
3.485	3
3.490	2
3.494	4
3.499	2
3.503	1
3.508	2
3.512	4
3.517	5
3.521	5
3.526	2
3.530	9
3.535	8
3.539	7
3.544	9
3.548	6
3.553	12
3.557	20
3.561	27
3.566	36
3.570	49
3.575	77
3.579	121
3.584	137
3.588	174
3.593	174
3.597	179
3.602	163
3.606	94
3.611	71
3.615	39
3.620	7
3.624	4
3.629	0
3.633	0
3.637	1
3.642	0
3.646	1
3.651	0
3.655	0
3.660	0
3.664	1
3.669	0
3.673	0
3.678	0
3.682	0
3.687	0
3.691	0
3.696	0
3.700	0
3.704	0
3.709	0
3.713	0
3.718	0
3.722	0
3.727	0
3.731	0
3.736	0
3.740	0
3.745	0
3.749	0
3.754	0
3.758	0
3.763	0
3.767	0
3.772	0
3.776	0
3.780	0
3.785	0
3.789	0
3.794	0
3.798	1
3.803	0
3.807	0
3.812	1
3.816	0
3.821	0
3.825	1
3.830	0
3.834	0
3.839	0
3.843	0
3.848	1
3.852	0
3.856	0
3.861	0
3.865	0
3.870	0
3.874	0
3.879	0
3.883	0
3.888	0
3.892	0
3.897	0
3.901	0
3.906	0
3.910	0
3.915	0
3.919	1
3.924	0
3.928	0
3.932	0
3.937	0
3.941	0
3.946	0
3.950	0
3.955	0
3.959	0
3.964	0
3.968	0
3.973	0
3.977	0
3.982	0
3.986	1
3.991	0
3.995	0
4.000	0
4.004	0
4.008	0
4.013	0
4.017	0
4.022	0
4.026	0
4.031	0
4.035	0
4.040	0
4.044	0
4.049	1
4.053	0
4.058	0
4.062	0
4.067	0
4.071	0
4.075	0
4.080	0
4.084	0
4.089	0
4.093	0
4.098	0
4.102	0
4.107	0
4.111	0
4.116	0
4.120	0
4.125	0
4.129	0
4.134	0
4.138	0
4.143	0
4.147	0
4.151	0
4.156	0
4.160	0
4.165	0
4.169	0
4.174	0
4.178	0
4.183	0
4.187	1
4.192	0
4.196	0
4.201	0
4.205	0
4.210	0
4.214	0
4.219	0
4.223	0
4.227	0
4.232	0
4.236	0
4.241	1
4.245	1
4.250	0
4.254	1
4.259	0
4.263	1
4.268	0
4.272	0
4.277	0
4.281	0
4.286	1
4.290	0
4.295	0
4.299	0
4.303	0
4.308	0
4.312	1
4.317	0
4.321	0
4.326	0
4.330	0
4.335	0
4.339	0
4.344	0
4.348	0
4.353	1
4.357	1
4.362	1
4.366	0
4.371	0
4.375	0
4.379	0
4.384	0
4.388	0
4.393	1
4.397	0
4.402	0
4.406	0
4.411	0
4.415	0
4.420	0
4.424	0
4.429	0
4.433	0
4.438	0
4.442	0
4.447	0
4.451	1
4.455	0
4.460	0
4.464	0
4.469	0
4.473	0
4.478	0
4.482	1
4.487	0
4.491	0
4.496	1
4.500	0
4.505	0
4.509	0
4.514	0
4.518	0
4.522	1
4.527	0
4.531	0
4.536	0
4.540	0
4.545	2
4.549	1
4.554	1
4.558	0
4.563	0
4.567	0
4.572	1
4.576	0
4.581	0
4.585	1
4.590	0
4.594	0
4.598	0
4.603	0
4.607	1
4.612	1
4.616	0
4.621	0
4.625	0
4.630	1
4.634	1
4.639	0
4.643	0
4.648	1
4.652	0
4.657	0
4.661	0
4.666	0
4.670	1
4.674	1
4.679	0
4.683	0
4.688	1
4.692	0
4.697	1
4.701	0
4.706	1
4.710	0
4.715	0
4.719	0
4.724	0
4.728	1
4.733	0
4.737	0
4.742	0
4.746	0
4.750	0
4.755	0
4.759	0
4.764	1
4.768	0
4.773	1
4.777	0
4.782	1
4.786	0
4.791	0
4.795	1
4.800	0
4.804	0
4.809	0
4.813	0
4.818	0
4.822	0
4.826	0
4.831	0
4.835	1
4.840	0
4.844	0
4.849	0
4.853	0
4.858	0
4.862	0
4.867	0
4.871	0
4.876	0
4.880	0
4.885	0
4.889	0
4.894	1
4.898	0
4.902	0
4.907	0
4.911	0
4.916	0
4.920	0
4.925	1
4.929	0
4.934	0
4.938	1
4.943	0
4.947	0
4.952	1
4.956	0
4.961	0
4.965	0
4.970	0
4.974	1
4.978	0
4.983	0
4.987	0
4.992	0
4.996	1
5.001	1
5.005	0
5.010	3
5.014	0
5.019	1
5.023	0
5.028	0
5.032	0
5.037	0
5.041	0
5.045	1
5.050	2
5.054	0
5.059	0
5.063	1
5.068	0
5.072	1
5.077	0
5.081	0
5.086	0
5.090	0
5.095	0
5.099	2
5.104	1
5.108	1
5.113	1
5.117	2
5.121	1
5.126	1
5.130	0
5.135	0
5.139	0
5.144	0
5.148	0
5.153	1
5.157	1
5.162	2
5.166	0
5.171	1
5.175	1
5.180	2
5.184	1
5.189	3
5.193	1
5.197	1
5.202	0
5.206	1
5.211	1
5.215	5
5.220	4
5.224	2
5.229	6
5.233	8
5.238	10
5.242	20
5.247	18
5.251	29
5.256	33
5.260	66
5.265	86
5.269	116
5.273	134
5.278	159
5.282	142
5.287	125
5.291	109
5.296	46
5.300	31
5.305	22
5.309	5
5.314	3
5.318	2
5.323	0
5.327	1
5.332	0
5.336	0
5.341	0
5.345	0
5.349	0
5.354	0
5.358	0
5.363	0
5.367	0
5.372	0
5.376	0
5.381	0
5.385	0
5.390	0
5.394	0
5.399	0
5.403	0
5.408	0
5.412	0
5.416	0
5.421	0
5.425	0
5.430	0
5.434	0
5.439	0
5.443	0
5.448	0
5.452	0
5.457	0
5.461	0
5.466	0
5.470	0
5.475	0
5.479	0
5.484	0
5.488	0
5.492	0
5.497	0
5.501	0
5.506	0
5.510	0
5.515	0
5.519	0
5.524	0
5.528	0
5.533	0
5.537	0
5.542	0
5.546	0
5.551	0
5.555	0
5.560	0
5.564	0
5.568	0
5.573	0
5.577	0
5.582	0
5.586	0
5.591	0
5.595	0
5.600	0
5.604	0
5.609	0
5.613	0
5.618	0
5.622	0
5.627	0
5.631	0
5.636	0
5.640	0
5.644	0
5.649	0
5.653	0
5.658	0
5.662	0
5.667	0
5.671	0
5.676	0
5.680	0
5.685	0
5.689	0
5.694	0
5.698	0
5.703	0
5.707	0
5.712	0
5.716	0
5.720	0
5.725	0
5.729	0
5.734	0
5.738	0
5.743	0
5.747	0
5.752	0
5.756	0
5.761	0
5.765	0
5.770	0
5.774	0
5.779	0
5.783	0
5.788	0
5.792	0
5.796	0
5.801	0
5.805	0
5.810	0
5.814	0
5.819	0
5.823	0
5.828	0
5.832	0
5.837	0
5.841	0
5.846	0
5.850	0
5.855	0
5.859	0
5.864	0
5.868	0
5.872	0
5.877	0
5.881	0
5.886	0
5.890	0
5.895	0
5.899	0
5.904	0
5.908	0
5.913	0
5.917	0
5.922	0
5.926	0
5.931	0
5.935	0
5.939	0
5.944	0
5.948	0
5.953	0
5.957	0
5.962	0
5.966	0
5.971	0
5.975	0
5.980	0
5.984	0
5.989	0
5.993	0
5.998	0
6.002	0
6.007	0
6.011	0
6.015	0
6.020	0
6.024	0
6.029	0
6.033	0
6.038	0
6.042	0
6.047	0
6.051	0
6.056	0
6.060	0
6.065	0
6.069	0
6.074	0
6.078	0
6.083	0
6.087	0
6.091	0
6.096	0
6.100	0
6.105	0
6.109	0
6.114	0
6.118	0
6.123	0
6.127	0
6.132	0
6.136	0
6.141	0
6.145	0
6.150	0
6.154	0
6.159	0
6.163	0
6.167	0
6.172	0
6.176	0
6.181	0
6.185	0
6.190	0
6.194	0
6.199	0
6.203	0
6.208	0
6.212	0
6.217	0
6.221	0
6.226	0
6.230	0
6.235	0
6.239	0
6.243	0
6.248	0
6.252	0
6.257	0
6.261	0
6.266	0
6.270	0
6.275	0
6.279	0
6.284	0
6.288	0
6.293	0
6.297	0
6.302	0
6.306	0
6.310	0
6.315	0
6.319	0
6.324	0
6.328	0
6.333	0
6.337	0
6.342	0
6.346	0
6.351	0
6.355	0
6.360	0
6.364	0
6.369	0
6.373	0
6.378	0
6.382	0
6.386	0
6.391	0
6.395	0
6.400	0
6.404	0
6.409	0
6.413	0
6.418	0
6.422	0
6.427	0
6.431	0
6.436	0
6.440	0
6.445	0
6.449	0
6.454	0
6.458	0
6.462	0
6.467	0
6.471	0
6.476	0
6.480	0
6.485	0
6.489	0
6.494	0
6.498	0
6.503	0
6.507	0
6.512	0
6.516	0
6.521	0
6.525	0
6.530	0
6.534	0
6.538	0
6.543	0
6.547	0
6.552	0
6.556	0
6.561	0
6.565	0
6.570	0
6.574	0
6.579	0
6.583	0
6.588	0
6.592	0
6.597	0
6.601	0
6.606	0
6.610	0
6.614	0
6.619	0
6.623	0
6.628	0
6.632	0
6.637	0
6.641	0
6.646	0
6.650	0
6.655	0
6.659	0
6.664	0
6.668	0
6.673	0
6.677	0
6.682	0
6.686	0
6.690	0
6.695	0
6.699	0
6.704	0
6.708	0
6.713	0
6.717	0
6.722	0
6.726	0
6.731	0
6.735	0
6.740	0
6.744	0
6.749	0
