4.32100
4.32200
4.32300
4.32400
4.32500
4.32600
4.32700
4.32800
4.32900
4.33000
4.33100
4.33200
4.33300
4.33400
4.33500
4.33600
4.33700
4.33800
4.33900
4.34000
4.34100
4.34200
4.34300
4.34400
4.34500
4.34600
4.34700
4.34800
4.34900
4.35000
4.35100
4.35200
4.35300
4.35400
4.35500
4.35600
4.35700
4.35800
4.35900
4.36000
4.36100
4.36200
4.36300
4.36400
4.36500
4.36600
4.36700
4.36800
4.36900
4.37000
4.37100
4.37200
4.37300
4.37400
4.37500
4.37600
4.37700
4.37800
4.37900
4.38000
4.38100
4.38200
4.38300
4.38400
4.38500
4.38600
4.38700
4.38800
4.38900
4.39000
4.39100
4.39200
4.39300
4.39400
4.39500
4.39600
4.39700
4.39800
4.39900
4.40000
4.40100
4.40200
4.40300
4.40400
4.40500
4.40600
4.40700
4.40800
4.40900
4.41000
4.41100
4.41200
4.41300
4.41400
4.41500
4.41600
4.41700
4.41800
4.41900
4.42000
4.42100
4.42200
4.42300
4.42400
4.42500
4.42600
4.42700
4.42800
4.42900
4.43000
4.43100
4.43200
4.43300
4.43400
4.43500
4.43600
4.43700
4.43800
4.43900
4.44000
4.44100
4.44200
4.44300
4.44400
4.44500
4.44600
4.44700
4.44800
4.44900
4.45000
4.45100
4.45200
4.45300
4.45400
4.45500
4.45600
4.45700
4.45800
4.45900
4.46000
4.46100
4.46200
4.46300
4.46400
4.46500
4.46600
4.46700
4.46800
4.46900
4.47000
4.47100
4.47200
4.47300
4.47400
4.47500
4.47600
4.47700
4.47800
4.47900
4.48000
4.48100
4.48200
4.48300
4.48400
4.48500
4.48600
4.48700
4.48800
4.48900
4.49000
4.49100
4.49200
4.49300
4.49400
4.49500
4.49600
4.49700
4.49800
4.49900
4.50000
4.50100
4.50200
4.50300
4.50400
4.50500
4.50600
4.50700
4.50800
4.50900
4.51000
4.51100
4.51200
4.51300
4.51400
4.51500
4.51600
4.51700
4.51800
4.51900
4.52000
4.52100
4.52200
4.52300
4.52400
4.52500
4.52600
4.52700
4.52800
4.52900
4.53000
4.53100
4.53200
4.53300
4.53400
4.53500
4.53600
4.53700
4.53800
4.53900
4.54000
4.54100
4.54200
4.54300
4.54400
4.54500
4.54600
4.54700
4.54800
4.54900
4.55000
4.55100
4.55200
4.55300
4.55400
4.55500
4.55600
4.55700
4.55800
4.55900
4.56000
4.56100
4.56200
4.56300
4.56400
4.56500
4.56600
4.56700
4.56800
4.56900
4.57000
4.57100
4.57200
4.57300
4.57400
4.57500
4.57600
4.57700
4.57800
4.57900
4.58000
4.58100
4.58200
4.58300
4.58400
4.58500
4.58600
4.58700
4.58800
4.58900
4.59000
4.59100
4.59200
4.59300
4.59400
4.59500
4.59600
4.59700
4.59800
4.59900
4.60000
4.60100
4.60200
4.60300
4.60400
4.60500
4.60600
4.60700
4.60800
4.60900
4.61000
4.61100
4.61200
4.61300
4.61400
4.61500
4.61600
4.61700
4.61800
4.61900
4.62000
4.62100
4.62200
4.62300
4.62400
4.62500
4.62600
4.62700
4.62800
4.62900
4.63000
4.63100
4.63200
4.63300
4.63400
4.63500
4.63600
4.63700
4.63800
4.63900
4.64000
4.64100
4.64200
4.64300
4.64400
4.64500
4.64600
4.64700
4.64800
4.64900
4.65000
4.65100
4.65200
4.65300
4.65400
4.65500
4.65600
4.65700
4.65800
4.65900
4.66000
4.66100
4.66200
4.66300
4.66400
4.66500
4.66600
4.66700
4.66800
4.66900
4.67000
4.67100
4.67200
4.67300
4.67400
4.67500
4.67600
4.67700
4.67800
4.67900
4.68000
4.68100
4.68200
4.68300
4.68400
4.68500
4.68600
4.68700
4.68800
4.68900
4.69000
4.69100
4.69200
4.69300
4.69400
4.69500
4.69600
4.69700
4.69800
4.69900
4.70000
4.70100
4.70200
4.70300
4.70400
4.70500
4.70600
4.70700
4.70800
4.70900
4.71000
4.71100
4.71200
4.71300
4.71400
4.71500
4.71600
4.71700
4.71800
4.71900
4.72000
4.72100
4.72200
4.72300
4.72400
4.72500
4.72600
4.72700
4.72800
4.72900
4.73000
4.73100
4.73200
4.73300
4.73400
4.73500
4.73600
4.73700
4.73800
4.73900
4.74000
4.74100
4.74200
4.74300
4.74400
4.74500
4.74600
4.74700
4.74800
4.74900
4.75000
4.75100
4.75200
4.75300
4.75400
4.75500
4.75600
4.75700
4.75800
4.75900
4.76000
4.76100
4.76200
4.76300
4.76400
4.76500
4.76600
4.76700
4.76800
4.76900
4.77000
4.77100
4.77200
4.77300
4.77400
4.77500
4.77600
4.77700
4.77800
4.77900
4.78000
4.78100
4.78200
4.78300
4.78400
