channel	experimental
     1	 0.00000000000000E+0000
     2	 0.00000000000000E+0000
     3	 0.00000000000000E+0000
     4	 0.00000000000000E+0000
     5	 0.00000000000000E+0000
     6	 0.00000000000000E+0000
     7	 0.00000000000000E+0000
     8	 0.00000000000000E+0000
     9	 0.00000000000000E+0000
    10	 0.00000000000000E+0000
    11	 0.00000000000000E+0000
    12	 0.00000000000000E+0000
    13	 0.00000000000000E+0000
    14	 0.00000000000000E+0000
    15	 0.00000000000000E+0000
    16	 0.00000000000000E+0000
    17	 0.00000000000000E+0000
    18	 0.00000000000000E+0000
    19	 0.00000000000000E+0000
    20	 0.00000000000000E+0000
    21	 0.00000000000000E+0000
    22	 0.00000000000000E+0000
    23	 0.00000000000000E+0000
    24	 0.00000000000000E+0000
    25	 0.00000000000000E+0000
    26	 0.00000000000000E+0000
    27	 0.00000000000000E+0000
    28	 0.00000000000000E+0000
    29	 0.00000000000000E+0000
    30	 0.00000000000000E+0000
    31	 0.00000000000000E+0000
    32	 0.00000000000000E+0000
    33	 0.00000000000000E+0000
    34	 0.00000000000000E+0000
    35	 0.00000000000000E+0000
    36	 0.00000000000000E+0000
    37	 0.00000000000000E+0000
    38	 0.00000000000000E+0000
    39	 0.00000000000000E+0000
    40	 0.00000000000000E+0000
    41	 0.00000000000000E+0000
    42	 4.00000000000000E+0000
    43	 0.00000000000000E+0000
    44	 1.00000000000000E+0000
    45	 0.00000000000000E+0000
    46	 0.00000000000000E+0000
    47	 0.00000000000000E+0000
    48	 0.00000000000000E+0000
    49	 1.00000000000000E+0000
    50	 0.00000000000000E+0000
    51	 0.00000000000000E+0000
    52	 2.00000000000000E+0000
    53	 0.00000000000000E+0000
    54	 0.00000000000000E+0000
    55	 0.00000000000000E+0000
    56	 0.00000000000000E+0000
    57	 1.00000000000000E+0000
    58	 0.00000000000000E+0000
    59	 1.00000000000000E+0000
    60	 0.00000000000000E+0000
    61	 1.00000000000000E+0000
    62	 0.00000000000000E+0000
    63	 0.00000000000000E+0000
    64	 1.00000000000000E+0000
    65	 0.00000000000000E+0000
    66	 0.00000000000000E+0000
    67	 0.00000000000000E+0000
    68	 0.00000000000000E+0000
    69	 0.00000000000000E+0000
    70	 0.00000000000000E+0000
    71	 0.00000000000000E+0000
    72	 0.00000000000000E+0000
    73	 0.00000000000000E+0000
    74	 2.00000000000000E+0000
    75	 0.00000000000000E+0000
    76	 2.00000000000000E+0000
    77	 0.00000000000000E+0000
    78	 0.00000000000000E+0000
    79	 2.00000000000000E+0000
    80	 0.00000000000000E+0000
    81	 0.00000000000000E+0000
    82	 0.00000000000000E+0000
    83	 0.00000000000000E+0000
    84	 0.00000000000000E+0000
    85	 0.00000000000000E+0000
    86	 5.00000000000000E+0000
    87	 0.00000000000000E+0000
    88	 0.00000000000000E+0000
    89	 0.00000000000000E+0000
    90	 0.00000000000000E+0000
    91	 1.00000000000000E+0000
    92	 0.00000000000000E+0000
    93	 2.00000000000000E+0000
    94	 0.00000000000000E+0000
    95	 0.00000000000000E+0000
    96	 1.00000000000000E+0000
    97	 0.00000000000000E+0000
    98	 1.00000000000000E+0000
    99	 0.00000000000000E+0000
   100	 0.00000000000000E+0000
   101	 0.00000000000000E+0000
   102	 0.00000000000000E+0000
   103	 0.00000000000000E+0000
   104	 0.00000000000000E+0000
   105	 0.00000000000000E+0000
   106	 2.00000000000000E+0000
   107	 0.00000000000000E+0000
   108	 1.00000000000000E+0000
   109	 0.00000000000000E+0000
   110	 0.00000000000000E+0000
   111	 2.00000000000000E+0000
   112	 0.00000000000000E+0000
   113	 0.00000000000000E+0000
   114	 0.00000000000000E+0000
   115	 0.00000000000000E+0000
   116	 0.00000000000000E+0000
   117	 0.00000000000000E+0000
   118	 2.00000000000000E+0000
   119	 0.00000000000000E+0000
   120	 0.00000000000000E+0000
   121	 0.00000000000000E+0000
   122	 0.00000000000000E+0000
   123	 0.00000000000000E+0000
   124	 0.00000000000000E+0000
   125	 0.00000000000000E+0000
   126	 0.00000000000000E+0000
   127	 0.00000000000000E+0000
   128	 0.00000000000000E+0000
   129	 0.00000000000000E+0000
   130	 0.00000000000000E+0000
   131	 0.00000000000000E+0000
   132	 0.00000000000000E+0000
   133	 1.00000000000000E+0000
   134	 0.00000000000000E+0000
   135	 1.00000000000000E+0000
   136	 0.00000000000000E+0000
   137	 0.00000000000000E+0000
   138	 0.00000000000000E+0000
   139	 0.00000000000000E+0000
   140	 0.00000000000000E+0000
   141	 0.00000000000000E+0000
   142	 0.00000000000000E+0000
   143	 1.00000000000000E+0000
   144	 0.00000000000000E+0000
   145	 0.00000000000000E+0000
   146	 0.00000000000000E+0000
   147	 0.00000000000000E+0000
   148	 0.00000000000000E+0000
   149	 0.00000000000000E+0000
   150	 0.00000000000000E+0000
   151	 0.00000000000000E+0000
   152	 0.00000000000000E+0000
   153	 1.00000000000000E+0000
   154	 0.00000000000000E+0000
   155	 1.00000000000000E+0000
   156	 0.00000000000000E+0000
   157	 1.00000000000000E+0000
   158	 0.00000000000000E+0000
   159	 0.00000000000000E+0000
   160	 0.00000000000000E+0000
   161	 0.00000000000000E+0000
   162	 1.00000000000000E+0000
   163	 0.00000000000000E+0000
   164	 0.00000000000000E+0000
   165	 0.00000000000000E+0000
   166	 0.00000000000000E+0000
   167	 1.00000000000000E+0000
   168	 0.00000000000000E+0000
   169	 0.00000000000000E+0000
   170	 0.00000000000000E+0000
   171	 0.00000000000000E+0000
   172	 0.00000000000000E+0000
   173	 0.00000000000000E+0000
   174	 0.00000000000000E+0000
   175	 0.00000000000000E+0000
   176	 0.00000000000000E+0000
   177	 0.00000000000000E+0000
   178	 0.00000000000000E+0000
   179	 0.00000000000000E+0000
   180	 2.00000000000000E+0000
   181	 0.00000000000000E+0000
   182	 1.00000000000000E+0000
   183	 0.00000000000000E+0000
   184	 0.00000000000000E+0000
   185	 1.00000000000000E+0000
   186	 0.00000000000000E+0000
   187	 0.00000000000000E+0000
   188	 0.00000000000000E+0000
   189	 0.00000000000000E+0000
   190	 0.00000000000000E+0000
   191	 0.00000000000000E+0000
   192	 0.00000000000000E+0000
   193	 0.00000000000000E+0000
   194	 0.00000000000000E+0000
   195	 0.00000000000000E+0000
   196	 0.00000000000000E+0000
   197	 0.00000000000000E+0000
   198	 0.00000000000000E+0000
   199	 0.00000000000000E+0000
   200	 0.00000000000000E+0000
   201	 0.00000000000000E+0000
   202	 1.00000000000000E+0000
   203	 0.00000000000000E+0000
   204	 0.00000000000000E+0000
   205	 0.00000000000000E+0000
   206	 0.00000000000000E+0000
   207	 0.00000000000000E+0000
   208	 0.00000000000000E+0000
   209	 4.00000000000000E+0000
   210	 0.00000000000000E+0000
   211	 0.00000000000000E+0000
   212	 4.00000000000000E+0000
   213	 0.00000000000000E+0000
   214	 2.67000000000000E+0002
   215	 0.00000000000000E+0000
   216	 0.00000000000000E+0000
   217	 1.69100000000000E+0003
   218	 0.00000000000000E+0000
   219	 1.78200000000000E+0003
   220	 0.00000000000000E+0000
   221	 1.75200000000000E+0003
   222	 0.00000000000000E+0000
   223	 0.00000000000000E+0000
   224	 1.69300000000000E+0003
   225	 0.00000000000000E+0000
   226	 1.56400000000000E+0003
   227	 0.00000000000000E+0000
   228	 0.00000000000000E+0000
   229	 1.42900000000000E+0003
   230	 0.00000000000000E+0000
   231	 1.37800000000000E+0003
   232	 0.00000000000000E+0000
   233	 0.00000000000000E+0000
   234	 1.13300000000000E+0003
   235	 0.00000000000000E+0000
   236	 1.14400000000000E+0003
   237	 0.00000000000000E+0000
   238	 0.00000000000000E+0000
   239	 1.31400000000000E+0003
   240	 0.00000000000000E+0000
   241	 1.46300000000000E+0003
   242	 0.00000000000000E+0000
   243	 0.00000000000000E+0000
   244	 1.42500000000000E+0003
   245	 0.00000000000000E+0000
   246	 1.21000000000000E+0003
   247	 0.00000000000000E+0000
   248	 0.00000000000000E+0000
   249	 1.05300000000000E+0003
   250	 0.00000000000000E+0000
   251	 9.15000000000000E+0002
   252	 0.00000000000000E+0000
   253	 9.31000000000000E+0002
   254	 0.00000000000000E+0000
   255	 0.00000000000000E+0000
   256	 1.09600000000000E+0003
   257	 0.00000000000000E+0000
   258	 1.09300000000000E+0003
   259	 0.00000000000000E+0000
   260	 0.00000000000000E+0000
   261	 1.22000000000000E+0003
   262	 0.00000000000000E+0000
   263	 1.24400000000000E+0003
   264	 0.00000000000000E+0000
   265	 0.00000000000000E+0000
   266	 1.24800000000000E+0003
   267	 0.00000000000000E+0000
   268	 1.27800000000000E+0003
   269	 0.00000000000000E+0000
   270	 0.00000000000000E+0000
   271	 1.22600000000000E+0003
   272	 0.00000000000000E+0000
   273	 1.20600000000000E+0003
   274	 0.00000000000000E+0000
   275	 0.00000000000000E+0000
   276	 1.19200000000000E+0003
   277	 0.00000000000000E+0000
   278	 1.28900000000000E+0003
   279	 0.00000000000000E+0000
   280	 0.00000000000000E+0000
   281	 1.25800000000000E+0003
   282	 0.00000000000000E+0000
   283	 1.20600000000000E+0003
   284	 0.00000000000000E+0000
   285	 1.27300000000000E+0003
   286	 0.00000000000000E+0000
   287	 0.00000000000000E+0000
   288	 1.36400000000000E+0003
   289	 0.00000000000000E+0000
   290	 1.30100000000000E+0003
   291	 0.00000000000000E+0000
   292	 0.00000000000000E+0000
   293	 1.42200000000000E+0003
   294	 0.00000000000000E+0000
   295	 1.41300000000000E+0003
   296	 0.00000000000000E+0000
   297	 0.00000000000000E+0000
   298	 1.39500000000000E+0003
   299	 0.00000000000000E+0000
   300	 1.46500000000000E+0003
   301	 0.00000000000000E+0000
   302	 0.00000000000000E+0000
   303	 1.39700000000000E+0003
   304	 0.00000000000000E+0000
   305	 1.39900000000000E+0003
   306	 0.00000000000000E+0000
   307	 0.00000000000000E+0000
   308	 1.37300000000000E+0003
   309	 0.00000000000000E+0000
   310	 1.34000000000000E+0003
   311	 0.00000000000000E+0000
   312	 0.00000000000000E+0000
   313	 1.30300000000000E+0003
   314	 0.00000000000000E+0000
   315	 1.23200000000000E+0003
   316	 0.00000000000000E+0000
   317	 1.27200000000000E+0003
   318	 0.00000000000000E+0000
   319	 0.00000000000000E+0000
   320	 1.24400000000000E+0003
   321	 0.00000000000000E+0000
   322	 1.23600000000000E+0003
   323	 0.00000000000000E+0000
   324	 0.00000000000000E+0000
   325	 1.23300000000000E+0003
   326	 0.00000000000000E+0000
   327	 1.20400000000000E+0003
   328	 0.00000000000000E+0000
   329	 0.00000000000000E+0000
   330	 1.10100000000000E+0003
   331	 0.00000000000000E+0000
   332	 1.07800000000000E+0003
   333	 0.00000000000000E+0000
   334	 0.00000000000000E+0000
   335	 1.13400000000000E+0003
   336	 0.00000000000000E+0000
   337	 1.09100000000000E+0003
   338	 0.00000000000000E+0000
   339	 0.00000000000000E+0000
   340	 9.92000000000000E+0002
   341	 0.00000000000000E+0000
   342	 1.02400000000000E+0003
   343	 0.00000000000000E+0000
   344	 0.00000000000000E+0000
   345	 9.55000000000000E+0002
   346	 0.00000000000000E+0000
   347	 9.72000000000000E+0002
   348	 0.00000000000000E+0000
   349	 9.29000000000000E+0002
   350	 0.00000000000000E+0000
   351	 0.00000000000000E+0000
   352	 8.82000000000000E+0002
   353	 0.00000000000000E+0000
   354	 8.60000000000000E+0002
   355	 0.00000000000000E+0000
   356	 0.00000000000000E+0000
   357	 8.62000000000000E+0002
   358	 0.00000000000000E+0000
   359	 8.69000000000000E+0002
   360	 0.00000000000000E+0000
   361	 0.00000000000000E+0000
   362	 7.83000000000000E+0002
   363	 0.00000000000000E+0000
   364	 7.45000000000000E+0002
   365	 0.00000000000000E+0000
   366	 0.00000000000000E+0000
   367	 7.56000000000000E+0002
   368	 0.00000000000000E+0000
   369	 7.50000000000000E+0002
   370	 0.00000000000000E+0000
   371	 0.00000000000000E+0000
   372	 7.15000000000000E+0002
   373	 0.00000000000000E+0000
   374	 7.51000000000000E+0002
   375	 0.00000000000000E+0000
   376	 0.00000000000000E+0000
   377	 7.16000000000000E+0002
   378	 0.00000000000000E+0000
   379	 6.78000000000000E+0002
   380	 0.00000000000000E+0000
   381	 6.69000000000000E+0002
   382	 0.00000000000000E+0000
   383	 0.00000000000000E+0000
   384	 6.68000000000000E+0002
   385	 0.00000000000000E+0000
   386	 6.59000000000000E+0002
   387	 0.00000000000000E+0000
   388	 0.00000000000000E+0000
   389	 6.37000000000000E+0002
   390	 0.00000000000000E+0000
   391	 6.05000000000000E+0002
   392	 0.00000000000000E+0000
   393	 0.00000000000000E+0000
   394	 6.52000000000000E+0002
   395	 0.00000000000000E+0000
   396	 5.97000000000000E+0002
   397	 0.00000000000000E+0000
   398	 0.00000000000000E+0000
   399	 6.31000000000000E+0002
   400	 0.00000000000000E+0000
   401	 5.98000000000000E+0002
   402	 0.00000000000000E+0000
   403	 0.00000000000000E+0000
   404	 5.24000000000000E+0002
   405	 0.00000000000000E+0000
   406	 5.54000000000000E+0002
   407	 0.00000000000000E+0000
   408	 0.00000000000000E+0000
   409	 5.30000000000000E+0002
   410	 0.00000000000000E+0000
   411	 5.89000000000000E+0002
   412	 0.00000000000000E+0000
   413	 6.11000000000000E+0002
   414	 0.00000000000000E+0000
   415	 0.00000000000000E+0000
   416	 6.03000000000000E+0002
   417	 0.00000000000000E+0000
   418	 5.63000000000000E+0002
   419	 0.00000000000000E+0000
   420	 0.00000000000000E+0000
   421	 5.54000000000000E+0002
   422	 0.00000000000000E+0000
   423	 5.76000000000000E+0002
   424	 0.00000000000000E+0000
   425	 0.00000000000000E+0000
   426	 5.50000000000000E+0002
   427	 0.00000000000000E+0000
   428	 4.96000000000000E+0002
   429	 0.00000000000000E+0000
   430	 0.00000000000000E+0000
   431	 5.65000000000000E+0002
   432	 0.00000000000000E+0000
   433	 5.60000000000000E+0002
   434	 0.00000000000000E+0000
   435	 0.00000000000000E+0000
   436	 5.58000000000000E+0002
   437	 0.00000000000000E+0000
   438	 5.17000000000000E+0002
   439	 0.00000000000000E+0000
   440	 0.00000000000000E+0000
   441	 5.75000000000000E+0002
   442	 0.00000000000000E+0000
   443	 5.65000000000000E+0002
   444	 0.00000000000000E+0000
   445	 5.69000000000000E+0002
   446	 0.00000000000000E+0000
   447	 0.00000000000000E+0000
   448	 5.84000000000000E+0002
   449	 0.00000000000000E+0000
   450	 5.83000000000000E+0002
   451	 0.00000000000000E+0000
   452	 0.00000000000000E+0000
   453	 5.42000000000000E+0002
   454	 0.00000000000000E+0000
   455	 6.25000000000000E+0002
   456	 0.00000000000000E+0000
   457	 0.00000000000000E+0000
   458	 6.24000000000000E+0002
   459	 0.00000000000000E+0000
   460	 5.63000000000000E+0002
   461	 0.00000000000000E+0000
   462	 0.00000000000000E+0000
   463	 5.23000000000000E+0002
   464	 0.00000000000000E+0000
   465	 5.44000000000000E+0002
   466	 0.00000000000000E+0000
   467	 0.00000000000000E+0000
   468	 5.87000000000000E+0002
   469	 0.00000000000000E+0000
   470	 5.92000000000000E+0002
   471	 0.00000000000000E+0000
   472	 0.00000000000000E+0000
   473	 6.11000000000000E+0002
   474	 0.00000000000000E+0000
   475	 5.78000000000000E+0002
   476	 0.00000000000000E+0000
   477	 6.00000000000000E+0002
   478	 0.00000000000000E+0000
   479	 0.00000000000000E+0000
   480	 5.80000000000000E+0002
   481	 0.00000000000000E+0000
   482	 6.08000000000000E+0002
   483	 0.00000000000000E+0000
   484	 0.00000000000000E+0000
   485	 6.12000000000000E+0002
   486	 0.00000000000000E+0000
   487	 5.75000000000000E+0002
   488	 0.00000000000000E+0000
   489	 0.00000000000000E+0000
   490	 5.42000000000000E+0002
   491	 0.00000000000000E+0000
   492	 6.15000000000000E+0002
   493	 0.00000000000000E+0000
   494	 0.00000000000000E+0000
   495	 6.13000000000000E+0002
   496	 0.00000000000000E+0000
   497	 6.12000000000000E+0002
   498	 0.00000000000000E+0000
   499	 0.00000000000000E+0000
   500	 5.96000000000000E+0002
   501	 0.00000000000000E+0000
   502	 5.52000000000000E+0002
   503	 0.00000000000000E+0000
   504	 0.00000000000000E+0000
   505	 5.66000000000000E+0002
   506	 0.00000000000000E+0000
   507	 6.00000000000000E+0002
   508	 0.00000000000000E+0000
   509	 5.99000000000000E+0002
   510	 0.00000000000000E+0000
   511	 0.00000000000000E+0000
   512	 6.18000000000000E+0002
   513	 0.00000000000000E+0000
   514	 5.97000000000000E+0002
   515	 0.00000000000000E+0000
   516	 0.00000000000000E+0000
   517	 6.65000000000000E+0002
   518	 0.00000000000000E+0000
   519	 6.18000000000000E+0002
   520	 0.00000000000000E+0000
   521	 0.00000000000000E+0000
   522	 5.85000000000000E+0002
   523	 0.00000000000000E+0000
   524	 6.45000000000000E+0002
   525	 0.00000000000000E+0000
   526	 0.00000000000000E+0000
   527	 6.42000000000000E+0002
   528	 0.00000000000000E+0000
   529	 6.42000000000000E+0002
   530	 0.00000000000000E+0000
   531	 0.00000000000000E+0000
   532	 6.44000000000000E+0002
   533	 0.00000000000000E+0000
   534	 6.15000000000000E+0002
   535	 0.00000000000000E+0000
   536	 0.00000000000000E+0000
   537	 6.42000000000000E+0002
   538	 0.00000000000000E+0000
   539	 6.35000000000000E+0002
   540	 0.00000000000000E+0000
   541	 6.95000000000000E+0002
   542	 0.00000000000000E+0000
   543	 0.00000000000000E+0000
   544	 6.18000000000000E+0002
   545	 0.00000000000000E+0000
   546	 6.97000000000000E+0002
   547	 0.00000000000000E+0000
   548	 0.00000000000000E+0000
   549	 6.38000000000000E+0002
   550	 0.00000000000000E+0000
   551	 6.68000000000000E+0002
   552	 0.00000000000000E+0000
   553	 0.00000000000000E+0000
   554	 6.70000000000000E+0002
   555	 0.00000000000000E+0000
   556	 6.30000000000000E+0002
   557	 0.00000000000000E+0000
   558	 0.00000000000000E+0000
   559	 6.64000000000000E+0002
   560	 0.00000000000000E+0000
   561	 7.05000000000000E+0002
   562	 0.00000000000000E+0000
   563	 0.00000000000000E+0000
   564	 7.11000000000000E+0002
   565	 0.00000000000000E+0000
   566	 6.16000000000000E+0002
   567	 0.00000000000000E+0000
   568	 0.00000000000000E+0000
   569	 6.96000000000000E+0002
   570	 0.00000000000000E+0000
   571	 6.52000000000000E+0002
   572	 0.00000000000000E+0000
   573	 6.86000000000000E+0002
   574	 0.00000000000000E+0000
   575	 0.00000000000000E+0000
   576	 6.64000000000000E+0002
   577	 0.00000000000000E+0000
   578	 6.60000000000000E+0002
   579	 0.00000000000000E+0000
   580	 0.00000000000000E+0000
   581	 6.77000000000000E+0002
   582	 0.00000000000000E+0000
   583	 6.65000000000000E+0002
   584	 0.00000000000000E+0000
   585	 0.00000000000000E+0000
   586	 6.53000000000000E+0002
   587	 0.00000000000000E+0000
   588	 6.79000000000000E+0002
   589	 0.00000000000000E+0000
   590	 0.00000000000000E+0000
   591	 6.88000000000000E+0002
   592	 0.00000000000000E+0000
   593	 7.23000000000000E+0002
   594	 0.00000000000000E+0000
   595	 0.00000000000000E+0000
   596	 7.19000000000000E+0002
   597	 0.00000000000000E+0000
   598	 6.93000000000000E+0002
   599	 0.00000000000000E+0000
   600	 0.00000000000000E+0000
   601	 7.11000000000000E+0002
   602	 0.00000000000000E+0000
   603	 6.59000000000000E+0002
   604	 0.00000000000000E+0000
   605	 7.43000000000000E+0002
   606	 0.00000000000000E+0000
   607	 0.00000000000000E+0000
   608	 7.25000000000000E+0002
   609	 0.00000000000000E+0000
   610	 7.09000000000000E+0002
   611	 0.00000000000000E+0000
   612	 0.00000000000000E+0000
   613	 6.78000000000000E+0002
   614	 0.00000000000000E+0000
   615	 7.41000000000000E+0002
   616	 0.00000000000000E+0000
   617	 0.00000000000000E+0000
   618	 7.26000000000000E+0002
   619	 0.00000000000000E+0000
   620	 7.04000000000000E+0002
   621	 0.00000000000000E+0000
   622	 0.00000000000000E+0000
   623	 7.26000000000000E+0002
   624	 0.00000000000000E+0000
   625	 7.02000000000000E+0002
   626	 0.00000000000000E+0000
   627	 0.00000000000000E+0000
   628	 7.56000000000000E+0002
   629	 0.00000000000000E+0000
   630	 7.72000000000000E+0002
   631	 0.00000000000000E+0000
   632	 0.00000000000000E+0000
   633	 7.61000000000000E+0002
   634	 0.00000000000000E+0000
   635	 6.92000000000000E+0002
   636	 0.00000000000000E+0000
   637	 7.62000000000000E+0002
   638	 0.00000000000000E+0000
   639	 0.00000000000000E+0000
   640	 7.30000000000000E+0002
   641	 0.00000000000000E+0000
   642	 7.52000000000000E+0002
   643	 0.00000000000000E+0000
   644	 0.00000000000000E+0000
   645	 7.40000000000000E+0002
   646	 0.00000000000000E+0000
   647	 7.37000000000000E+0002
   648	 0.00000000000000E+0000
   649	 0.00000000000000E+0000
   650	 7.45000000000000E+0002
   651	 0.00000000000000E+0000
   652	 7.69000000000000E+0002
   653	 0.00000000000000E+0000
   654	 0.00000000000000E+0000
   655	 7.61000000000000E+0002
   656	 0.00000000000000E+0000
   657	 7.73000000000000E+0002
   658	 0.00000000000000E+0000
   659	 0.00000000000000E+0000
   660	 7.14000000000000E+0002
   661	 0.00000000000000E+0000
   662	 7.25000000000000E+0002
   663	 0.00000000000000E+0000
   664	 0.00000000000000E+0000
   665	 7.34000000000000E+0002
   666	 0.00000000000000E+0000
   667	 7.14000000000000E+0002
   668	 0.00000000000000E+0000
   669	 7.84000000000000E+0002
   670	 0.00000000000000E+0000
   671	 0.00000000000000E+0000
   672	 8.07000000000000E+0002
   673	 0.00000000000000E+0000
   674	 7.28000000000000E+0002
   675	 0.00000000000000E+0000
   676	 0.00000000000000E+0000
   677	 7.66000000000000E+0002
   678	 0.00000000000000E+0000
   679	 8.01000000000000E+0002
   680	 0.00000000000000E+0000
   681	 0.00000000000000E+0000
   682	 8.18000000000000E+0002
   683	 0.00000000000000E+0000
   684	 6.86000000000000E+0002
   685	 0.00000000000000E+0000
   686	 0.00000000000000E+0000
   687	 7.82000000000000E+0002
   688	 0.00000000000000E+0000
   689	 7.75000000000000E+0002
   690	 0.00000000000000E+0000
   691	 0.00000000000000E+0000
   692	 7.94000000000000E+0002
   693	 0.00000000000000E+0000
   694	 8.15000000000000E+0002
   695	 0.00000000000000E+0000
   696	 0.00000000000000E+0000
   697	 7.95000000000000E+0002
   698	 0.00000000000000E+0000
   699	 7.54000000000000E+0002
   700	 0.00000000000000E+0000
   701	 7.98000000000000E+0002
   702	 0.00000000000000E+0000
   703	 0.00000000000000E+0000
   704	 7.75000000000000E+0002
   705	 0.00000000000000E+0000
   706	 8.32000000000000E+0002
   707	 0.00000000000000E+0000
   708	 0.00000000000000E+0000
   709	 7.07000000000000E+0002
   710	 0.00000000000000E+0000
   711	 8.20000000000000E+0002
   712	 0.00000000000000E+0000
   713	 0.00000000000000E+0000
   714	 7.87000000000000E+0002
   715	 0.00000000000000E+0000
   716	 7.98000000000000E+0002
   717	 0.00000000000000E+0000
   718	 0.00000000000000E+0000
   719	 7.54000000000000E+0002
   720	 0.00000000000000E+0000
   721	 7.39000000000000E+0002
   722	 0.00000000000000E+0000
   723	 0.00000000000000E+0000
   724	 7.82000000000000E+0002
   725	 0.00000000000000E+0000
   726	 7.83000000000000E+0002
   727	 0.00000000000000E+0000
   728	 8.17000000000000E+0002
   729	 0.00000000000000E+0000
   730	 0.00000000000000E+0000
   731	 8.25000000000000E+0002
   732	 0.00000000000000E+0000
   733	 8.10000000000000E+0002
   734	 0.00000000000000E+0000
   735	 0.00000000000000E+0000
   736	 8.07000000000000E+0002
   737	 0.00000000000000E+0000
   738	 8.21000000000000E+0002
   739	 0.00000000000000E+0000
   740	 0.00000000000000E+0000
   741	 7.49000000000000E+0002
   742	 0.00000000000000E+0000
   743	 8.58000000000000E+0002
   744	 0.00000000000000E+0000
   745	 0.00000000000000E+0000
   746	 8.43000000000000E+0002
   747	 0.00000000000000E+0000
   748	 8.28000000000000E+0002
   749	 0.00000000000000E+0000
   750	 0.00000000000000E+0000
   751	 8.11000000000000E+0002
   752	 0.00000000000000E+0000
   753	 8.19000000000000E+0002
   754	 0.00000000000000E+0000
   755	 0.00000000000000E+0000
   756	 8.20000000000000E+0002
   757	 0.00000000000000E+0000
   758	 7.94000000000000E+0002
   759	 0.00000000000000E+0000
   760	 8.24000000000000E+0002
   761	 0.00000000000000E+0000
   762	 0.00000000000000E+0000
   763	 7.74000000000000E+0002
   764	 0.00000000000000E+0000
   765	 8.06000000000000E+0002
   766	 0.00000000000000E+0000
   767	 0.00000000000000E+0000
   768	 8.21000000000000E+0002
   769	 0.00000000000000E+0000
   770	 8.39000000000000E+0002
   771	 0.00000000000000E+0000
   772	 0.00000000000000E+0000
   773	 8.64000000000000E+0002
   774	 0.00000000000000E+0000
   775	 8.29000000000000E+0002
   776	 0.00000000000000E+0000
   777	 0.00000000000000E+0000
   778	 8.03000000000000E+0002
   779	 0.00000000000000E+0000
   780	 8.47000000000000E+0002
   781	 0.00000000000000E+0000
   782	 0.00000000000000E+0000
   783	 7.84000000000000E+0002
   784	 0.00000000000000E+0000
   785	 8.28000000000000E+0002
   786	 0.00000000000000E+0000
   787	 0.00000000000000E+0000
   788	 8.80000000000000E+0002
   789	 0.00000000000000E+0000
   790	 8.75000000000000E+0002
   791	 0.00000000000000E+0000
   792	 8.28000000000000E+0002
   793	 0.00000000000000E+0000
   794	 0.00000000000000E+0000
   795	 9.12000000000000E+0002
   796	 0.00000000000000E+0000
   797	 7.96000000000000E+0002
   798	 0.00000000000000E+0000
   799	 0.00000000000000E+0000
   800	 8.36000000000000E+0002
   801	 0.00000000000000E+0000
   802	 8.11000000000000E+0002
   803	 0.00000000000000E+0000
   804	 0.00000000000000E+0000
   805	 8.72000000000000E+0002
   806	 0.00000000000000E+0000
   807	 8.57000000000000E+0002
   808	 0.00000000000000E+0000
   809	 0.00000000000000E+0000
   810	 8.55000000000000E+0002
   811	 0.00000000000000E+0000
   812	 8.48000000000000E+0002
   813	 0.00000000000000E+0000
   814	 0.00000000000000E+0000
   815	 8.76000000000000E+0002
   816	 0.00000000000000E+0000
   817	 9.09000000000000E+0002
   818	 0.00000000000000E+0000
   819	 0.00000000000000E+0000
   820	 8.72000000000000E+0002
   821	 0.00000000000000E+0000
   822	 8.92000000000000E+0002
   823	 0.00000000000000E+0000
   824	 8.85000000000000E+0002
   825	 0.00000000000000E+0000
   826	 0.00000000000000E+0000
   827	 8.78000000000000E+0002
   828	 0.00000000000000E+0000
   829	 8.93000000000000E+0002
   830	 0.00000000000000E+0000
   831	 0.00000000000000E+0000
   832	 8.96000000000000E+0002
   833	 0.00000000000000E+0000
   834	 9.05000000000000E+0002
   835	 0.00000000000000E+0000
   836	 0.00000000000000E+0000
   837	 8.49000000000000E+0002
   838	 0.00000000000000E+0000
   839	 8.97000000000000E+0002
   840	 0.00000000000000E+0000
   841	 0.00000000000000E+0000
   842	 8.75000000000000E+0002
   843	 0.00000000000000E+0000
   844	 9.35000000000000E+0002
   845	 0.00000000000000E+0000
   846	 0.00000000000000E+0000
   847	 9.35000000000000E+0002
   848	 0.00000000000000E+0000
   849	 8.47000000000000E+0002
   850	 0.00000000000000E+0000
   851	 0.00000000000000E+0000
   852	 8.64000000000000E+0002
   853	 0.00000000000000E+0000
   854	 9.25000000000000E+0002
   855	 0.00000000000000E+0000
   856	 9.34000000000000E+0002
   857	 0.00000000000000E+0000
   858	 0.00000000000000E+0000
   859	 8.77000000000000E+0002
   860	 0.00000000000000E+0000
   861	 8.79000000000000E+0002
   862	 0.00000000000000E+0000
   863	 0.00000000000000E+0000
   864	 8.96000000000000E+0002
   865	 0.00000000000000E+0000
   866	 9.04000000000000E+0002
   867	 0.00000000000000E+0000
   868	 0.00000000000000E+0000
   869	 8.99000000000000E+0002
   870	 0.00000000000000E+0000
   871	 9.25000000000000E+0002
   872	 0.00000000000000E+0000
   873	 0.00000000000000E+0000
   874	 9.01000000000000E+0002
   875	 0.00000000000000E+0000
   876	 9.46000000000000E+0002
   877	 0.00000000000000E+0000
   878	 0.00000000000000E+0000
   879	 9.29000000000000E+0002
   880	 0.00000000000000E+0000
   881	 9.41000000000000E+0002
   882	 0.00000000000000E+0000
   883	 0.00000000000000E+0000
   884	 9.97000000000000E+0002
   885	 0.00000000000000E+0000
   886	 9.25000000000000E+0002
   887	 0.00000000000000E+0000
   888	 8.83000000000000E+0002
   889	 0.00000000000000E+0000
   890	 0.00000000000000E+0000
   891	 8.93000000000000E+0002
   892	 0.00000000000000E+0000
   893	 9.22000000000000E+0002
   894	 0.00000000000000E+0000
   895	 0.00000000000000E+0000
   896	 9.08000000000000E+0002
   897	 0.00000000000000E+0000
   898	 9.05000000000000E+0002
   899	 0.00000000000000E+0000
   900	 0.00000000000000E+0000
   901	 9.12000000000000E+0002
   902	 0.00000000000000E+0000
   903	 9.28000000000000E+0002
   904	 0.00000000000000E+0000
   905	 0.00000000000000E+0000
   906	 9.62000000000000E+0002
   907	 0.00000000000000E+0000
   908	 9.33000000000000E+0002
   909	 0.00000000000000E+0000
   910	 0.00000000000000E+0000
   911	 9.42000000000000E+0002
   912	 0.00000000000000E+0000
   913	 9.68000000000000E+0002
   914	 0.00000000000000E+0000
   915	 0.00000000000000E+0000
   916	 9.54000000000000E+0002
   917	 0.00000000000000E+0000
   918	 1.01700000000000E+0003
   919	 0.00000000000000E+0000
   920	 9.10000000000000E+0002
   921	 0.00000000000000E+0000
   922	 0.00000000000000E+0000
   923	 9.83000000000000E+0002
   924	 0.00000000000000E+0000
   925	 9.23000000000000E+0002
   926	 0.00000000000000E+0000
   927	 0.00000000000000E+0000
   928	 1.01600000000000E+0003
   929	 0.00000000000000E+0000
   930	 9.63000000000000E+0002
   931	 0.00000000000000E+0000
   932	 0.00000000000000E+0000
   933	 9.60000000000000E+0002
   934	 0.00000000000000E+0000
   935	 9.21000000000000E+0002
   936	 0.00000000000000E+0000
   937	 0.00000000000000E+0000
   938	 9.83000000000000E+0002
   939	 0.00000000000000E+0000
   940	 9.25000000000000E+0002
   941	 0.00000000000000E+0000
   942	 0.00000000000000E+0000
   943	 9.70000000000000E+0002
   944	 0.00000000000000E+0000
   945	 9.67000000000000E+0002
   946	 0.00000000000000E+0000
   947	 0.00000000000000E+0000
   948	 9.35000000000000E+0002
   949	 0.00000000000000E+0000
   950	 9.46000000000000E+0002
   951	 0.00000000000000E+0000
   952	 9.65000000000000E+0002
   953	 0.00000000000000E+0000
   954	 0.00000000000000E+0000
   955	 9.31000000000000E+0002
   956	 0.00000000000000E+0000
   957	 9.08000000000000E+0002
   958	 0.00000000000000E+0000
   959	 0.00000000000000E+0000
   960	 9.06000000000000E+0002
   961	 0.00000000000000E+0000
   962	 8.92000000000000E+0002
   963	 0.00000000000000E+0000
   964	 0.00000000000000E+0000
   965	 9.11000000000000E+0002
   966	 0.00000000000000E+0000
   967	 9.03000000000000E+0002
   968	 0.00000000000000E+0000
   969	 0.00000000000000E+0000
   970	 9.42000000000000E+0002
   971	 0.00000000000000E+0000
   972	 9.45000000000000E+0002
   973	 0.00000000000000E+0000
   974	 0.00000000000000E+0000
   975	 9.62000000000000E+0002
   976	 0.00000000000000E+0000
   977	 8.66000000000000E+0002
   978	 0.00000000000000E+0000
   979	 0.00000000000000E+0000
   980	 8.80000000000000E+0002
   981	 0.00000000000000E+0000
   982	 9.43000000000000E+0002
   983	 0.00000000000000E+0000
   984	 9.18000000000000E+0002
   985	 0.00000000000000E+0000
   986	 0.00000000000000E+0000
   987	 8.73000000000000E+0002
   988	 0.00000000000000E+0000
   989	 9.05000000000000E+0002
   990	 0.00000000000000E+0000
   991	 0.00000000000000E+0000
   992	 9.31000000000000E+0002
   993	 0.00000000000000E+0000
   994	 8.95000000000000E+0002
   995	 0.00000000000000E+0000
   996	 0.00000000000000E+0000
   997	 9.04000000000000E+0002
   998	 0.00000000000000E+0000
   999	 8.98000000000000E+0002
  1000	 0.00000000000000E+0000
  1001	 0.00000000000000E+0000
  1002	 9.78000000000000E+0002
  1003	 0.00000000000000E+0000
  1004	 8.87000000000000E+0002
  1005	 0.00000000000000E+0000
  1006	 0.00000000000000E+0000
  1007	 9.17000000000000E+0002
  1008	 0.00000000000000E+0000
  1009	 9.15000000000000E+0002
  1010	 0.00000000000000E+0000
  1011	 0.00000000000000E+0000
  1012	 8.96000000000000E+0002
  1013	 0.00000000000000E+0000
  1014	 8.96000000000000E+0002
  1015	 0.00000000000000E+0000
  1016	 8.26000000000000E+0002
  1017	 0.00000000000000E+0000
  1018	 0.00000000000000E+0000
  1019	 7.89000000000000E+0002
  1020	 0.00000000000000E+0000
  1021	 8.53000000000000E+0002
  1022	 0.00000000000000E+0000
  1023	 0.00000000000000E+0000
  1024	 8.31000000000000E+0002
  1025	 0.00000000000000E+0000
  1026	 8.37000000000000E+0002
  1027	 0.00000000000000E+0000
  1028	 0.00000000000000E+0000
  1029	 8.07000000000000E+0002
  1030	 0.00000000000000E+0000
  1031	 8.32000000000000E+0002
  1032	 0.00000000000000E+0000
  1033	 0.00000000000000E+0000
  1034	 8.04000000000000E+0002
  1035	 0.00000000000000E+0000
  1036	 7.83000000000000E+0002
  1037	 0.00000000000000E+0000
  1038	 0.00000000000000E+0000
  1039	 7.84000000000000E+0002
  1040	 0.00000000000000E+0000
  1041	 7.92000000000000E+0002
  1042	 0.00000000000000E+0000
  1043	 0.00000000000000E+0000
  1044	 7.87000000000000E+0002
  1045	 0.00000000000000E+0000
  1046	 7.41000000000000E+0002
  1047	 0.00000000000000E+0000
  1048	 7.16000000000000E+0002
  1049	 0.00000000000000E+0000
  1050	 0.00000000000000E+0000
  1051	 7.39000000000000E+0002
  1052	 0.00000000000000E+0000
  1053	 6.78000000000000E+0002
  1054	 0.00000000000000E+0000
  1055	 0.00000000000000E+0000
  1056	 6.36000000000000E+0002
  1057	 0.00000000000000E+0000
  1058	 6.57000000000000E+0002
  1059	 0.00000000000000E+0000
  1060	 0.00000000000000E+0000
  1061	 6.36000000000000E+0002
  1062	 0.00000000000000E+0000
  1063	 6.47000000000000E+0002
  1064	 0.00000000000000E+0000
  1065	 0.00000000000000E+0000
  1066	 6.19000000000000E+0002
  1067	 0.00000000000000E+0000
  1068	 6.25000000000000E+0002
  1069	 0.00000000000000E+0000
  1070	 0.00000000000000E+0000
  1071	 6.35000000000000E+0002
  1072	 0.00000000000000E+0000
  1073	 6.02000000000000E+0002
  1074	 0.00000000000000E+0000
  1075	 0.00000000000000E+0000
  1076	 5.70000000000000E+0002
  1077	 0.00000000000000E+0000
  1078	 5.68000000000000E+0002
  1079	 0.00000000000000E+0000
  1080	 4.96000000000000E+0002
  1081	 0.00000000000000E+0000
  1082	 0.00000000000000E+0000
  1083	 5.20000000000000E+0002
  1084	 0.00000000000000E+0000
  1085	 5.34000000000000E+0002
  1086	 0.00000000000000E+0000
  1087	 0.00000000000000E+0000
  1088	 5.10000000000000E+0002
  1089	 0.00000000000000E+0000
  1090	 4.65000000000000E+0002
  1091	 0.00000000000000E+0000
  1092	 0.00000000000000E+0000
  1093	 4.41000000000000E+0002
  1094	 0.00000000000000E+0000
  1095	 4.37000000000000E+0002
  1096	 0.00000000000000E+0000
  1097	 0.00000000000000E+0000
  1098	 4.43000000000000E+0002
  1099	 0.00000000000000E+0000
  1100	 4.21000000000000E+0002
  1101	 0.00000000000000E+0000
  1102	 0.00000000000000E+0000
  1103	 4.22000000000000E+0002
  1104	 0.00000000000000E+0000
  1105	 4.13000000000000E+0002
  1106	 0.00000000000000E+0000
  1107	 0.00000000000000E+0000
  1108	 4.20000000000000E+0002
  1109	 0.00000000000000E+0000
  1110	 4.03000000000000E+0002
  1111	 0.00000000000000E+0000
  1112	 4.19000000000000E+0002
  1113	 0.00000000000000E+0000
  1114	 0.00000000000000E+0000
  1115	 4.42000000000000E+0002
  1116	 0.00000000000000E+0000
  1117	 4.27000000000000E+0002
  1118	 0.00000000000000E+0000
  1119	 0.00000000000000E+0000
  1120	 4.77000000000000E+0002
  1121	 0.00000000000000E+0000
  1122	 4.69000000000000E+0002
  1123	 0.00000000000000E+0000
  1124	 0.00000000000000E+0000
  1125	 5.54000000000000E+0002
  1126	 0.00000000000000E+0000
  1127	 5.82000000000000E+0002
  1128	 0.00000000000000E+0000
  1129	 0.00000000000000E+0000
  1130	 6.20000000000000E+0002
  1131	 0.00000000000000E+0000
  1132	 6.68000000000000E+0002
  1133	 0.00000000000000E+0000
  1134	 0.00000000000000E+0000
  1135	 6.78000000000000E+0002
  1136	 0.00000000000000E+0000
  1137	 7.07000000000000E+0002
  1138	 0.00000000000000E+0000
  1139	 0.00000000000000E+0000
  1140	 7.86000000000000E+0002
  1141	 0.00000000000000E+0000
  1142	 8.98000000000000E+0002
  1143	 0.00000000000000E+0000
  1144	 9.37000000000000E+0002
  1145	 0.00000000000000E+0000
  1146	 0.00000000000000E+0000
  1147	 1.06700000000000E+0003
  1148	 0.00000000000000E+0000
  1149	 1.08900000000000E+0003
  1150	 0.00000000000000E+0000
  1151	 0.00000000000000E+0000
  1152	 1.13500000000000E+0003
  1153	 0.00000000000000E+0000
  1154	 1.20500000000000E+0003
  1155	 0.00000000000000E+0000
  1156	 0.00000000000000E+0000
  1157	 1.25600000000000E+0003
  1158	 0.00000000000000E+0000
  1159	 1.40000000000000E+0003
  1160	 0.00000000000000E+0000
  1161	 0.00000000000000E+0000
  1162	 1.45100000000000E+0003
  1163	 0.00000000000000E+0000
  1164	 1.41800000000000E+0003
  1165	 0.00000000000000E+0000
  1166	 0.00000000000000E+0000
  1167	 1.51500000000000E+0003
  1168	 0.00000000000000E+0000
  1169	 1.57600000000000E+0003
  1170	 0.00000000000000E+0000
  1171	 0.00000000000000E+0000
  1172	 1.57800000000000E+0003
  1173	 0.00000000000000E+0000
  1174	 1.74100000000000E+0003
  1175	 0.00000000000000E+0000
  1176	 1.68400000000000E+0003
  1177	 0.00000000000000E+0000
  1178	 0.00000000000000E+0000
  1179	 1.64500000000000E+0003
  1180	 0.00000000000000E+0000
  1181	 1.74600000000000E+0003
  1182	 0.00000000000000E+0000
  1183	 0.00000000000000E+0000
  1184	 1.77400000000000E+0003
  1185	 0.00000000000000E+0000
  1186	 1.69200000000000E+0003
  1187	 0.00000000000000E+0000
  1188	 0.00000000000000E+0000
  1189	 1.63300000000000E+0003
  1190	 0.00000000000000E+0000
  1191	 1.48500000000000E+0003
  1192	 0.00000000000000E+0000
  1193	 0.00000000000000E+0000
  1194	 1.46300000000000E+0003
  1195	 0.00000000000000E+0000
  1196	 1.37200000000000E+0003
  1197	 0.00000000000000E+0000
  1198	 0.00000000000000E+0000
  1199	 1.26300000000000E+0003
  1200	 0.00000000000000E+0000
  1201	 1.16600000000000E+0003
  1202	 0.00000000000000E+0000
  1203	 0.00000000000000E+0000
  1204	 1.07000000000000E+0003
  1205	 0.00000000000000E+0000
  1206	 9.34000000000000E+0002
  1207	 0.00000000000000E+0000
  1208	 8.31000000000000E+0002
  1209	 0.00000000000000E+0000
  1210	 0.00000000000000E+0000
  1211	 6.95000000000000E+0002
  1212	 0.00000000000000E+0000
  1213	 5.88000000000000E+0002
  1214	 0.00000000000000E+0000
  1215	 0.00000000000000E+0000
  1216	 5.08000000000000E+0002
  1217	 0.00000000000000E+0000
  1218	 4.60000000000000E+0002
  1219	 0.00000000000000E+0000
  1220	 0.00000000000000E+0000
  1221	 3.59000000000000E+0002
  1222	 0.00000000000000E+0000
  1223	 2.93000000000000E+0002
  1224	 0.00000000000000E+0000
  1225	 0.00000000000000E+0000
  1226	 2.91000000000000E+0002
  1227	 0.00000000000000E+0000
  1228	 2.45000000000000E+0002
  1229	 0.00000000000000E+0000
  1230	 0.00000000000000E+0000
  1231	 1.96000000000000E+0002
  1232	 0.00000000000000E+0000
  1233	 1.93000000000000E+0002
  1234	 0.00000000000000E+0000
  1235	 0.00000000000000E+0000
  1236	 1.61000000000000E+0002
  1237	 0.00000000000000E+0000
  1238	 1.69000000000000E+0002
  1239	 0.00000000000000E+0000
  1240	 1.81000000000000E+0002
  1241	 0.00000000000000E+0000
  1242	 0.00000000000000E+0000
  1243	 1.43000000000000E+0002
  1244	 0.00000000000000E+0000
  1245	 1.50000000000000E+0002
  1246	 0.00000000000000E+0000
  1247	 0.00000000000000E+0000
  1248	 1.64000000000000E+0002
  1249	 0.00000000000000E+0000
  1250	 1.59000000000000E+0002
  1251	 0.00000000000000E+0000
  1252	 0.00000000000000E+0000
  1253	 1.66000000000000E+0002
  1254	 0.00000000000000E+0000
  1255	 1.54000000000000E+0002
  1256	 0.00000000000000E+0000
  1257	 0.00000000000000E+0000
  1258	 1.59000000000000E+0002
  1259	 0.00000000000000E+0000
  1260	 2.26000000000000E+0002
  1261	 0.00000000000000E+0000
  1262	 0.00000000000000E+0000
  1263	 2.06000000000000E+0002
  1264	 0.00000000000000E+0000
  1265	 1.96000000000000E+0002
  1266	 0.00000000000000E+0000
  1267	 0.00000000000000E+0000
  1268	 2.29000000000000E+0002
  1269	 0.00000000000000E+0000
  1270	 2.29000000000000E+0002
  1271	 0.00000000000000E+0000
  1272	 2.89000000000000E+0002
  1273	 0.00000000000000E+0000
  1274	 0.00000000000000E+0000
  1275	 2.88000000000000E+0002
  1276	 0.00000000000000E+0000
  1277	 3.42000000000000E+0002
  1278	 0.00000000000000E+0000
  1279	 0.00000000000000E+0000
  1280	 3.66000000000000E+0002
  1281	 0.00000000000000E+0000
  1282	 3.93000000000000E+0002
  1283	 0.00000000000000E+0000
  1284	 0.00000000000000E+0000
  1285	 4.10000000000000E+0002
  1286	 0.00000000000000E+0000
  1287	 4.72000000000000E+0002
  1288	 0.00000000000000E+0000
  1289	 0.00000000000000E+0000
  1290	 4.18000000000000E+0002
  1291	 0.00000000000000E+0000
  1292	 4.43000000000000E+0002
  1293	 0.00000000000000E+0000
  1294	 0.00000000000000E+0000
  1295	 4.67000000000000E+0002
  1296	 0.00000000000000E+0000
  1297	 4.14000000000000E+0002
  1298	 0.00000000000000E+0000
  1299	 0.00000000000000E+0000
  1300	 4.28000000000000E+0002
  1301	 0.00000000000000E+0000
  1302	 4.13000000000000E+0002
  1303	 0.00000000000000E+0000
  1304	 3.41000000000000E+0002
  1305	 0.00000000000000E+0000
  1306	 0.00000000000000E+0000
  1307	 3.55000000000000E+0002
  1308	 0.00000000000000E+0000
  1309	 3.14000000000000E+0002
  1310	 0.00000000000000E+0000
  1311	 0.00000000000000E+0000
  1312	 2.59000000000000E+0002
  1313	 0.00000000000000E+0000
  1314	 2.40000000000000E+0002
  1315	 0.00000000000000E+0000
  1316	 0.00000000000000E+0000
  1317	 1.89000000000000E+0002
  1318	 0.00000000000000E+0000
  1319	 2.03000000000000E+0002
  1320	 0.00000000000000E+0000
  1321	 0.00000000000000E+0000
  1322	 1.78000000000000E+0002
  1323	 0.00000000000000E+0000
  1324	 1.44000000000000E+0002
  1325	 0.00000000000000E+0000
  1326	 0.00000000000000E+0000
  1327	 1.12000000000000E+0002
  1328	 0.00000000000000E+0000
  1329	 1.05000000000000E+0002
  1330	 0.00000000000000E+0000
  1331	 0.00000000000000E+0000
  1332	 9.80000000000000E+0001
  1333	 0.00000000000000E+0000
  1334	 8.80000000000000E+0001
  1335	 0.00000000000000E+0000
  1336	 7.90000000000000E+0001
  1337	 0.00000000000000E+0000
  1338	 0.00000000000000E+0000
  1339	 1.02000000000000E+0002
  1340	 0.00000000000000E+0000
  1341	 8.10000000000000E+0001
  1342	 0.00000000000000E+0000
  1343	 0.00000000000000E+0000
  1344	 8.00000000000000E+0001
  1345	 0.00000000000000E+0000
  1346	 9.70000000000000E+0001
  1347	 0.00000000000000E+0000
  1348	 0.00000000000000E+0000
  1349	 8.60000000000000E+0001
  1350	 0.00000000000000E+0000
  1351	 7.90000000000000E+0001
  1352	 0.00000000000000E+0000
  1353	 0.00000000000000E+0000
  1354	 9.30000000000000E+0001
  1355	 0.00000000000000E+0000
  1356	 9.20000000000000E+0001
  1357	 0.00000000000000E+0000
  1358	 0.00000000000000E+0000
  1359	 9.70000000000000E+0001
  1360	 0.00000000000000E+0000
  1361	 9.60000000000000E+0001
  1362	 0.00000000000000E+0000
  1363	 0.00000000000000E+0000
  1364	 9.00000000000000E+0001
  1365	 0.00000000000000E+0000
  1366	 8.10000000000000E+0001
  1367	 0.00000000000000E+0000
  1368	 8.90000000000000E+0001
  1369	 0.00000000000000E+0000
  1370	 0.00000000000000E+0000
  1371	 1.08000000000000E+0002
  1372	 0.00000000000000E+0000
  1373	 1.45000000000000E+0002
  1374	 0.00000000000000E+0000
  1375	 0.00000000000000E+0000
  1376	 1.21000000000000E+0002
  1377	 0.00000000000000E+0000
  1378	 1.92000000000000E+0002
  1379	 0.00000000000000E+0000
  1380	 0.00000000000000E+0000
  1381	 1.66000000000000E+0002
  1382	 0.00000000000000E+0000
  1383	 1.88000000000000E+0002
  1384	 0.00000000000000E+0000
  1385	 0.00000000000000E+0000
  1386	 1.86000000000000E+0002
  1387	 0.00000000000000E+0000
  1388	 1.72000000000000E+0002
  1389	 0.00000000000000E+0000
  1390	 0.00000000000000E+0000
  1391	 2.02000000000000E+0002
  1392	 0.00000000000000E+0000
  1393	 1.84000000000000E+0002
  1394	 0.00000000000000E+0000
  1395	 0.00000000000000E+0000
  1396	 2.12000000000000E+0002
  1397	 0.00000000000000E+0000
  1398	 2.14000000000000E+0002
  1399	 0.00000000000000E+0000
  1400	 1.57000000000000E+0002
  1401	 0.00000000000000E+0000
  1402	 0.00000000000000E+0000
  1403	 1.72000000000000E+0002
  1404	 0.00000000000000E+0000
  1405	 1.44000000000000E+0002
  1406	 0.00000000000000E+0000
  1407	 0.00000000000000E+0000
  1408	 1.35000000000000E+0002
  1409	 0.00000000000000E+0000
  1410	 1.38000000000000E+0002
  1411	 0.00000000000000E+0000
  1412	 0.00000000000000E+0000
  1413	 1.33000000000000E+0002
  1414	 0.00000000000000E+0000
  1415	 1.32000000000000E+0002
  1416	 0.00000000000000E+0000
  1417	 0.00000000000000E+0000
  1418	 1.44000000000000E+0002
  1419	 0.00000000000000E+0000
  1420	 1.56000000000000E+0002
  1421	 0.00000000000000E+0000
  1422	 0.00000000000000E+0000
  1423	 1.49000000000000E+0002
  1424	 0.00000000000000E+0000
  1425	 1.25000000000000E+0002
  1426	 0.00000000000000E+0000
  1427	 0.00000000000000E+0000
  1428	 1.38000000000000E+0002
  1429	 0.00000000000000E+0000
  1430	 1.27000000000000E+0002
  1431	 0.00000000000000E+0000
  1432	 1.68000000000000E+0002
  1433	 0.00000000000000E+0000
  1434	 0.00000000000000E+0000
  1435	 1.49000000000000E+0002
  1436	 0.00000000000000E+0000
  1437	 1.78000000000000E+0002
  1438	 0.00000000000000E+0000
  1439	 0.00000000000000E+0000
  1440	 1.37000000000000E+0002
  1441	 0.00000000000000E+0000
  1442	 1.50000000000000E+0002
  1443	 0.00000000000000E+0000
  1444	 0.00000000000000E+0000
  1445	 1.35000000000000E+0002
  1446	 0.00000000000000E+0000
  1447	 1.36000000000000E+0002
  1448	 0.00000000000000E+0000
  1449	 0.00000000000000E+0000
  1450	 1.29000000000000E+0002
  1451	 0.00000000000000E+0000
  1452	 1.63000000000000E+0002
  1453	 0.00000000000000E+0000
  1454	 0.00000000000000E+0000
  1455	 1.42000000000000E+0002
  1456	 0.00000000000000E+0000
  1457	 1.60000000000000E+0002
  1458	 0.00000000000000E+0000
  1459	 0.00000000000000E+0000
  1460	 1.40000000000000E+0002
  1461	 0.00000000000000E+0000
  1462	 1.71000000000000E+0002
  1463	 0.00000000000000E+0000
  1464	 1.49000000000000E+0002
  1465	 0.00000000000000E+0000
  1466	 0.00000000000000E+0000
  1467	 1.45000000000000E+0002
  1468	 0.00000000000000E+0000
  1469	 1.44000000000000E+0002
  1470	 0.00000000000000E+0000
  1471	 0.00000000000000E+0000
  1472	 1.69000000000000E+0002
  1473	 0.00000000000000E+0000
  1474	 1.64000000000000E+0002
  1475	 0.00000000000000E+0000
  1476	 0.00000000000000E+0000
  1477	 2.07000000000000E+0002
  1478	 0.00000000000000E+0000
  1479	 1.87000000000000E+0002
  1480	 0.00000000000000E+0000
  1481	 0.00000000000000E+0000
  1482	 1.75000000000000E+0002
  1483	 0.00000000000000E+0000
  1484	 2.36000000000000E+0002
  1485	 0.00000000000000E+0000
  1486	 0.00000000000000E+0000
  1487	 1.87000000000000E+0002
  1488	 0.00000000000000E+0000
  1489	 2.29000000000000E+0002
  1490	 0.00000000000000E+0000
  1491	 0.00000000000000E+0000
  1492	 2.42000000000000E+0002
  1493	 0.00000000000000E+0000
  1494	 2.17000000000000E+0002
  1495	 0.00000000000000E+0000
  1496	 2.50000000000000E+0002
  1497	 0.00000000000000E+0000
  1498	 0.00000000000000E+0000
  1499	 2.73000000000000E+0002
  1500	 0.00000000000000E+0000
  1501	 2.46000000000000E+0002
  1502	 0.00000000000000E+0000
  1503	 0.00000000000000E+0000
  1504	 2.76000000000000E+0002
  1505	 0.00000000000000E+0000
  1506	 2.64000000000000E+0002
  1507	 0.00000000000000E+0000
  1508	 0.00000000000000E+0000
  1509	 3.29000000000000E+0002
  1510	 0.00000000000000E+0000
  1511	 2.91000000000000E+0002
  1512	 0.00000000000000E+0000
  1513	 0.00000000000000E+0000
  1514	 2.89000000000000E+0002
  1515	 0.00000000000000E+0000
  1516	 3.23000000000000E+0002
  1517	 0.00000000000000E+0000
  1518	 0.00000000000000E+0000
  1519	 3.66000000000000E+0002
  1520	 0.00000000000000E+0000
  1521	 3.50000000000000E+0002
  1522	 0.00000000000000E+0000
  1523	 0.00000000000000E+0000
  1524	 3.94000000000000E+0002
  1525	 0.00000000000000E+0000
  1526	 4.02000000000000E+0002
  1527	 0.00000000000000E+0000
  1528	 4.61000000000000E+0002
  1529	 0.00000000000000E+0000
  1530	 0.00000000000000E+0000
  1531	 4.38000000000000E+0002
  1532	 0.00000000000000E+0000
  1533	 4.90000000000000E+0002
  1534	 0.00000000000000E+0000
  1535	 0.00000000000000E+0000
  1536	 5.54000000000000E+0002
  1537	 0.00000000000000E+0000
  1538	 5.43000000000000E+0002
  1539	 0.00000000000000E+0000
  1540	 0.00000000000000E+0000
  1541	 6.13000000000000E+0002
  1542	 0.00000000000000E+0000
  1543	 6.42000000000000E+0002
  1544	 0.00000000000000E+0000
  1545	 0.00000000000000E+0000
  1546	 6.70000000000000E+0002
  1547	 0.00000000000000E+0000
  1548	 8.09000000000000E+0002
  1549	 0.00000000000000E+0000
  1550	 0.00000000000000E+0000
  1551	 8.17000000000000E+0002
  1552	 0.00000000000000E+0000
  1553	 9.11000000000000E+0002
  1554	 0.00000000000000E+0000
  1555	 0.00000000000000E+0000
  1556	 9.99000000000000E+0002
  1557	 0.00000000000000E+0000
  1558	 1.06400000000000E+0003
  1559	 0.00000000000000E+0000
  1560	 1.14300000000000E+0003
  1561	 0.00000000000000E+0000
  1562	 0.00000000000000E+0000
  1563	 1.36900000000000E+0003
  1564	 0.00000000000000E+0000
  1565	 1.34200000000000E+0003
  1566	 0.00000000000000E+0000
  1567	 0.00000000000000E+0000
  1568	 1.48500000000000E+0003
  1569	 0.00000000000000E+0000
  1570	 1.65600000000000E+0003
  1571	 0.00000000000000E+0000
  1572	 0.00000000000000E+0000
  1573	 1.83700000000000E+0003
  1574	 0.00000000000000E+0000
  1575	 2.14100000000000E+0003
  1576	 0.00000000000000E+0000
  1577	 0.00000000000000E+0000
  1578	 2.42300000000000E+0003
  1579	 0.00000000000000E+0000
  1580	 2.68500000000000E+0003
  1581	 0.00000000000000E+0000
  1582	 0.00000000000000E+0000
  1583	 2.93900000000000E+0003
  1584	 0.00000000000000E+0000
  1585	 3.30200000000000E+0003
  1586	 0.00000000000000E+0000
  1587	 0.00000000000000E+0000
  1588	 3.66700000000000E+0003
  1589	 0.00000000000000E+0000
  1590	 4.06300000000000E+0003
  1591	 0.00000000000000E+0000
  1592	 4.53200000000000E+0003
  1593	 0.00000000000000E+0000
  1594	 0.00000000000000E+0000
  1595	 5.28400000000000E+0003
  1596	 0.00000000000000E+0000
  1597	 5.70700000000000E+0003
  1598	 0.00000000000000E+0000
  1599	 0.00000000000000E+0000
  1600	 6.46900000000000E+0003
  1601	 0.00000000000000E+0000
  1602	 7.37500000000000E+0003
  1603	 0.00000000000000E+0000
  1604	 0.00000000000000E+0000
  1605	 8.23400000000000E+0003
  1606	 0.00000000000000E+0000
  1607	 9.25600000000000E+0003
  1608	 0.00000000000000E+0000
  1609	 0.00000000000000E+0000
  1610	 1.02940000000000E+0004
  1611	 0.00000000000000E+0000
  1612	 1.13740000000000E+0004
  1613	 0.00000000000000E+0000
  1614	 0.00000000000000E+0000
  1615	 1.27360000000000E+0004
  1616	 0.00000000000000E+0000
  1617	 1.39260000000000E+0004
  1618	 0.00000000000000E+0000
  1619	 0.00000000000000E+0000
  1620	 1.53170000000000E+0004
  1621	 0.00000000000000E+0000
  1622	 1.69130000000000E+0004
  1623	 0.00000000000000E+0000
  1624	 1.79770000000000E+0004
  1625	 0.00000000000000E+0000
  1626	 0.00000000000000E+0000
  1627	 1.93070000000000E+0004
  1628	 0.00000000000000E+0000
  1629	 2.03680000000000E+0004
  1630	 0.00000000000000E+0000
  1631	 0.00000000000000E+0000
  1632	 2.17110000000000E+0004
  1633	 0.00000000000000E+0000
  1634	 2.25680000000000E+0004
  1635	 0.00000000000000E+0000
  1636	 0.00000000000000E+0000
  1637	 2.36680000000000E+0004
  1638	 0.00000000000000E+0000
  1639	 2.41900000000000E+0004
  1640	 0.00000000000000E+0000
  1641	 0.00000000000000E+0000
  1642	 2.47360000000000E+0004
  1643	 0.00000000000000E+0000
  1644	 2.54000000000000E+0004
  1645	 0.00000000000000E+0000
  1646	 0.00000000000000E+0000
  1647	 2.53730000000000E+0004
  1648	 0.00000000000000E+0000
  1649	 2.54580000000000E+0004
  1650	 0.00000000000000E+0000
  1651	 0.00000000000000E+0000
  1652	 2.59810000000000E+0004
  1653	 0.00000000000000E+0000
  1654	 2.62520000000000E+0004
  1655	 0.00000000000000E+0000
  1656	 2.64540000000000E+0004
  1657	 0.00000000000000E+0000
  1658	 0.00000000000000E+0000
  1659	 2.61080000000000E+0004
  1660	 0.00000000000000E+0000
  1661	 2.65350000000000E+0004
  1662	 0.00000000000000E+0000
  1663	 0.00000000000000E+0000
  1664	 2.59760000000000E+0004
  1665	 0.00000000000000E+0000
  1666	 2.61550000000000E+0004
  1667	 0.00000000000000E+0000
  1668	 0.00000000000000E+0000
  1669	 2.58580000000000E+0004
  1670	 0.00000000000000E+0000
  1671	 2.63140000000000E+0004
  1672	 0.00000000000000E+0000
  1673	 0.00000000000000E+0000
  1674	 2.66090000000000E+0004
  1675	 0.00000000000000E+0000
  1676	 2.61220000000000E+0004
  1677	 0.00000000000000E+0000
  1678	 0.00000000000000E+0000
  1679	 2.63170000000000E+0004
  1680	 0.00000000000000E+0000
  1681	 2.63340000000000E+0004
  1682	 0.00000000000000E+0000
  1683	 2.58060000000000E+0004
  1684	 0.00000000000000E+0000
  1685	 0.00000000000000E+0000
  1686	 2.58880000000000E+0004
  1687	 0.00000000000000E+0000
  1688	 2.54540000000000E+0004
  1689	 0.00000000000000E+0000
  1690	 0.00000000000000E+0000
  1691	 2.57950000000000E+0004
  1692	 0.00000000000000E+0000
  1693	 2.61630000000000E+0004
  1694	 0.00000000000000E+0000
  1695	 0.00000000000000E+0000
  1696	 2.59010000000000E+0004
  1697	 0.00000000000000E+0000
  1698	 2.53040000000000E+0004
  1699	 0.00000000000000E+0000
  1700	 0.00000000000000E+0000
  1701	 2.48800000000000E+0004
  1702	 0.00000000000000E+0000
  1703	 2.32260000000000E+0004
  1704	 0.00000000000000E+0000
  1705	 0.00000000000000E+0000
  1706	 2.24800000000000E+0004
  1707	 0.00000000000000E+0000
  1708	 2.03080000000000E+0004
  1709	 0.00000000000000E+0000
  1710	 0.00000000000000E+0000
  1711	 1.83060000000000E+0004
  1712	 0.00000000000000E+0000
  1713	 1.58650000000000E+0004
  1714	 0.00000000000000E+0000
  1715	 1.28290000000000E+0004
  1716	 0.00000000000000E+0000
  1717	 0.00000000000000E+0000
  1718	 9.93500000000000E+0003
  1719	 0.00000000000000E+0000
  1720	 7.26700000000000E+0003
  1721	 0.00000000000000E+0000
  1722	 0.00000000000000E+0000
  1723	 4.74900000000000E+0003
  1724	 0.00000000000000E+0000
  1725	 3.10300000000000E+0003
  1726	 0.00000000000000E+0000
  1727	 0.00000000000000E+0000
  1728	 1.97900000000000E+0003
  1729	 0.00000000000000E+0000
  1730	 1.16400000000000E+0003
  1731	 0.00000000000000E+0000
  1732	 0.00000000000000E+0000
  1733	 8.57000000000000E+0002
  1734	 0.00000000000000E+0000
  1735	 4.21000000000000E+0002
  1736	 0.00000000000000E+0000
  1737	 0.00000000000000E+0000
  1738	 2.68000000000000E+0002
  1739	 0.00000000000000E+0000
  1740	 1.88000000000000E+0002
  1741	 0.00000000000000E+0000
  1742	 0.00000000000000E+0000
  1743	 1.16000000000000E+0002
  1744	 0.00000000000000E+0000
  1745	 8.30000000000000E+0001
  1746	 0.00000000000000E+0000
  1747	 8.80000000000000E+0001
  1748	 0.00000000000000E+0000
  1749	 0.00000000000000E+0000
  1750	 7.60000000000000E+0001
  1751	 0.00000000000000E+0000
  1752	 1.64000000000000E+0002
  1753	 0.00000000000000E+0000
  1754	 0.00000000000000E+0000
  1755	 6.30000000000000E+0001
  1756	 0.00000000000000E+0000
  1757	 3.90000000000000E+0001
  1758	 0.00000000000000E+0000
  1759	 0.00000000000000E+0000
  1760	 4.90000000000000E+0001
  1761	 0.00000000000000E+0000
  1762	 3.70000000000000E+0001
  1763	 0.00000000000000E+0000
  1764	 0.00000000000000E+0000
  1765	 4.90000000000000E+0001
  1766	 0.00000000000000E+0000
  1767	 3.60000000000000E+0001
  1768	 0.00000000000000E+0000
  1769	 0.00000000000000E+0000
  1770	 3.00000000000000E+0001
  1771	 0.00000000000000E+0000
  1772	 1.06000000000000E+0002
  1773	 0.00000000000000E+0000
  1774	 0.00000000000000E+0000
  1775	 3.50000000000000E+0001
  1776	 0.00000000000000E+0000
  1777	 2.60000000000000E+0001
  1778	 0.00000000000000E+0000
  1779	 2.90000000000000E+0001
  1780	 0.00000000000000E+0000
  1781	 0.00000000000000E+0000
  1782	 2.90000000000000E+0001
  1783	 0.00000000000000E+0000
  1784	 3.10000000000000E+0001
  1785	 0.00000000000000E+0000
  1786	 0.00000000000000E+0000
  1787	 2.70000000000000E+0001
  1788	 0.00000000000000E+0000
  1789	 2.30000000000000E+0001
  1790	 0.00000000000000E+0000
  1791	 0.00000000000000E+0000
  1792	 7.80000000000000E+0001
  1793	 0.00000000000000E+0000
  1794	 3.00000000000000E+0001
  1795	 0.00000000000000E+0000
  1796	 0.00000000000000E+0000
  1797	 2.40000000000000E+0001
  1798	 0.00000000000000E+0000
  1799	 2.30000000000000E+0001
  1800	 0.00000000000000E+0000
  1801	 0.00000000000000E+0000
  1802	 1.70000000000000E+0001
  1803	 0.00000000000000E+0000
  1804	 1.60000000000000E+0001
  1805	 0.00000000000000E+0000
  1806	 0.00000000000000E+0000
  1807	 1.20000000000000E+0001
  1808	 0.00000000000000E+0000
  1809	 2.00000000000000E+0001
  1810	 0.00000000000000E+0000
  1811	 6.90000000000000E+0001
  1812	 0.00000000000000E+0000
  1813	 0.00000000000000E+0000
  1814	 2.30000000000000E+0001
  1815	 0.00000000000000E+0000
  1816	 1.80000000000000E+0001
  1817	 0.00000000000000E+0000
  1818	 0.00000000000000E+0000
  1819	 1.00000000000000E+0001
  1820	 0.00000000000000E+0000
  1821	 2.20000000000000E+0001
  1822	 0.00000000000000E+0000
  1823	 0.00000000000000E+0000
  1824	 1.20000000000000E+0001
  1825	 0.00000000000000E+0000
  1826	 1.30000000000000E+0001
  1827	 0.00000000000000E+0000
  1828	 0.00000000000000E+0000
  1829	 1.10000000000000E+0001
  1830	 0.00000000000000E+0000
  1831	 8.60000000000000E+0001
  1832	 0.00000000000000E+0000
  1833	 0.00000000000000E+0000
  1834	 1.50000000000000E+0001
  1835	 0.00000000000000E+0000
  1836	 2.40000000000000E+0001
  1837	 0.00000000000000E+0000
  1838	 0.00000000000000E+0000
  1839	 1.30000000000000E+0001
  1840	 0.00000000000000E+0000
  1841	 1.40000000000000E+0001
  1842	 0.00000000000000E+0000
  1843	 1.00000000000000E+0001
  1844	 0.00000000000000E+0000
  1845	 0.00000000000000E+0000
  1846	 1.60000000000000E+0001
  1847	 0.00000000000000E+0000
  1848	 1.20000000000000E+0001
  1849	 0.00000000000000E+0000
  1850	 0.00000000000000E+0000
  1851	 8.10000000000000E+0001
  1852	 0.00000000000000E+0000
  1853	 1.50000000000000E+0001
  1854	 0.00000000000000E+0000
  1855	 0.00000000000000E+0000
  1856	 2.10000000000000E+0001
  1857	 0.00000000000000E+0000
  1858	 1.90000000000000E+0001
  1859	 0.00000000000000E+0000
  1860	 0.00000000000000E+0000
  1861	 1.20000000000000E+0001
  1862	 0.00000000000000E+0000
  1863	 2.10000000000000E+0001
  1864	 0.00000000000000E+0000
  1865	 0.00000000000000E+0000
  1866	 1.50000000000000E+0001
  1867	 0.00000000000000E+0000
  1868	 1.80000000000000E+0001
  1869	 0.00000000000000E+0000
  1870	 0.00000000000000E+0000
  1871	 7.40000000000000E+0001
  1872	 0.00000000000000E+0000
  1873	 1.60000000000000E+0001
  1874	 0.00000000000000E+0000
  1875	 7.00000000000000E+0000
  1876	 0.00000000000000E+0000
  1877	 0.00000000000000E+0000
  1878	 1.30000000000000E+0001
  1879	 0.00000000000000E+0000
  1880	 1.40000000000000E+0001
  1881	 0.00000000000000E+0000
  1882	 0.00000000000000E+0000
  1883	 1.80000000000000E+0001
  1884	 0.00000000000000E+0000
  1885	 1.20000000000000E+0001
  1886	 0.00000000000000E+0000
  1887	 0.00000000000000E+0000
  1888	 1.00000000000000E+0001
  1889	 0.00000000000000E+0000
  1890	 9.10000000000000E+0001
  1891	 0.00000000000000E+0000
  1892	 0.00000000000000E+0000
  1893	 1.40000000000000E+0001
  1894	 0.00000000000000E+0000
  1895	 1.40000000000000E+0001
  1896	 0.00000000000000E+0000
  1897	 0.00000000000000E+0000
  1898	 2.40000000000000E+0001
  1899	 0.00000000000000E+0000
  1900	 1.10000000000000E+0001
  1901	 0.00000000000000E+0000
  1902	 0.00000000000000E+0000
  1903	 1.60000000000000E+0001
  1904	 0.00000000000000E+0000
  1905	 1.30000000000000E+0001
  1906	 0.00000000000000E+0000
  1907	 1.80000000000000E+0001
  1908	 0.00000000000000E+0000
  1909	 0.00000000000000E+0000
  1910	 7.60000000000000E+0001
  1911	 0.00000000000000E+0000
  1912	 1.90000000000000E+0001
  1913	 0.00000000000000E+0000
  1914	 0.00000000000000E+0000
  1915	 9.00000000000000E+0000
  1916	 0.00000000000000E+0000
  1917	 1.70000000000000E+0001
  1918	 0.00000000000000E+0000
  1919	 0.00000000000000E+0000
  1920	 2.00000000000000E+0001
  1921	 0.00000000000000E+0000
  1922	 1.30000000000000E+0001
  1923	 0.00000000000000E+0000
  1924	 0.00000000000000E+0000
  1925	 1.90000000000000E+0001
  1926	 0.00000000000000E+0000
  1927	 1.60000000000000E+0001
  1928	 0.00000000000000E+0000
  1929	 0.00000000000000E+0000
  1930	 5.60000000000000E+0001
  1931	 0.00000000000000E+0000
  1932	 1.80000000000000E+0001
  1933	 0.00000000000000E+0000
  1934	 0.00000000000000E+0000
  1935	 1.70000000000000E+0001
  1936	 0.00000000000000E+0000
  1937	 1.30000000000000E+0001
  1938	 0.00000000000000E+0000
  1939	 1.30000000000000E+0001
  1940	 0.00000000000000E+0000
  1941	 0.00000000000000E+0000
  1942	 1.70000000000000E+0001
  1943	 0.00000000000000E+0000
  1944	 1.10000000000000E+0001
  1945	 0.00000000000000E+0000
  1946	 0.00000000000000E+0000
  1947	 1.30000000000000E+0001
  1948	 0.00000000000000E+0000
  1949	 8.00000000000000E+0001
  1950	 0.00000000000000E+0000
  1951	 0.00000000000000E+0000
  1952	 2.00000000000000E+0001
  1953	 0.00000000000000E+0000
  1954	 1.90000000000000E+0001
  1955	 0.00000000000000E+0000
  1956	 0.00000000000000E+0000
  1957	 1.50000000000000E+0001
  1958	 0.00000000000000E+0000
  1959	 1.90000000000000E+0001
  1960	 0.00000000000000E+0000
  1961	 0.00000000000000E+0000
  1962	 1.30000000000000E+0001
  1963	 0.00000000000000E+0000
  1964	 1.70000000000000E+0001
  1965	 0.00000000000000E+0000
  1966	 0.00000000000000E+0000
  1967	 1.70000000000000E+0001
  1968	 0.00000000000000E+0000
  1969	 6.40000000000000E+0001
  1970	 0.00000000000000E+0000
  1971	 1.40000000000000E+0001
  1972	 0.00000000000000E+0000
  1973	 0.00000000000000E+0000
  1974	 1.10000000000000E+0001
  1975	 0.00000000000000E+0000
  1976	 9.00000000000000E+0000
  1977	 0.00000000000000E+0000
  1978	 0.00000000000000E+0000
  1979	 1.30000000000000E+0001
  1980	 0.00000000000000E+0000
  1981	 1.80000000000000E+0001
  1982	 0.00000000000000E+0000
  1983	 0.00000000000000E+0000
  1984	 2.30000000000000E+0001
  1985	 0.00000000000000E+0000
  1986	 1.30000000000000E+0001
  1987	 0.00000000000000E+0000
  1988	 0.00000000000000E+0000
  1989	 4.10000000000000E+0001
  1990	 0.00000000000000E+0000
  1991	 1.10000000000000E+0001
  1992	 0.00000000000000E+0000
  1993	 0.00000000000000E+0000
  1994	 1.00000000000000E+0001
  1995	 0.00000000000000E+0000
  1996	 1.20000000000000E+0001
  1997	 0.00000000000000E+0000
  1998	 0.00000000000000E+0000
  1999	 1.60000000000000E+0001
  2000	 0.00000000000000E+0000
  2001	 2.10000000000000E+0001
  2002	 0.00000000000000E+0000
  2003	 2.00000000000000E+0001
  2004	 0.00000000000000E+0000
  2005	 0.00000000000000E+0000
  2006	 1.00000000000000E+0001
  2007	 0.00000000000000E+0000
  2008	 3.60000000000000E+0001
  2009	 0.00000000000000E+0000
  2010	 0.00000000000000E+0000
  2011	 1.30000000000000E+0001
  2012	 0.00000000000000E+0000
  2013	 1.90000000000000E+0001
  2014	 0.00000000000000E+0000
  2015	 0.00000000000000E+0000
  2016	 2.20000000000000E+0001
  2017	 0.00000000000000E+0000
  2018	 1.90000000000000E+0001
  2019	 0.00000000000000E+0000
  2020	 0.00000000000000E+0000
  2021	 2.80000000000000E+0001
  2022	 0.00000000000000E+0000
  2023	 1.90000000000000E+0001
  2024	 0.00000000000000E+0000
  2025	 0.00000000000000E+0000
  2026	 1.50000000000000E+0001
  2027	 0.00000000000000E+0000
  2028	 2.90000000000000E+0001
  2029	 0.00000000000000E+0000
  2030	 0.00000000000000E+0000
  2031	 1.70000000000000E+0001
  2032	 0.00000000000000E+0000
  2033	 2.70000000000000E+0001
  2034	 0.00000000000000E+0000
  2035	 1.70000000000000E+0001
  2036	 0.00000000000000E+0000
  2037	 0.00000000000000E+0000
  2038	 2.10000000000000E+0001
  2039	 0.00000000000000E+0000
  2040	 2.00000000000000E+0001
  2041	 0.00000000000000E+0000
  2042	 0.00000000000000E+0000
  2043	 2.10000000000000E+0001
  2044	 0.00000000000000E+0000
  2045	 1.90000000000000E+0001
  2046	 0.00000000000000E+0000
  2047	 0.00000000000000E+0000
  2048	 2.90000000000000E+0001
  2049	 0.00000000000000E+0000
  2050	 1.40000000000000E+0001
  2051	 0.00000000000000E+0000
  2052	 0.00000000000000E+0000
  2053	 2.70000000000000E+0001
  2054	 0.00000000000000E+0000
  2055	 2.40000000000000E+0001
  2056	 0.00000000000000E+0000
  2057	 0.00000000000000E+0000
  2058	 1.10000000000000E+0001
  2059	 0.00000000000000E+0000
  2060	 1.60000000000000E+0001
  2061	 0.00000000000000E+0000
  2062	 0.00000000000000E+0000
  2063	 2.10000000000000E+0001
  2064	 0.00000000000000E+0000
  2065	 1.70000000000000E+0001
  2066	 0.00000000000000E+0000
  2067	 2.50000000000000E+0001
  2068	 0.00000000000000E+0000
  2069	 0.00000000000000E+0000
  2070	 1.90000000000000E+0001
  2071	 0.00000000000000E+0000
  2072	 2.40000000000000E+0001
  2073	 0.00000000000000E+0000
  2074	 0.00000000000000E+0000
  2075	 2.20000000000000E+0001
  2076	 0.00000000000000E+0000
  2077	 2.60000000000000E+0001
  2078	 0.00000000000000E+0000
  2079	 0.00000000000000E+0000
  2080	 2.70000000000000E+0001
  2081	 0.00000000000000E+0000
  2082	 1.20000000000000E+0001
  2083	 0.00000000000000E+0000
  2084	 0.00000000000000E+0000
  2085	 2.70000000000000E+0001
  2086	 0.00000000000000E+0000
  2087	 2.40000000000000E+0001
  2088	 0.00000000000000E+0000
  2089	 0.00000000000000E+0000
  2090	 2.70000000000000E+0001
  2091	 0.00000000000000E+0000
  2092	 1.80000000000000E+0001
  2093	 0.00000000000000E+0000
  2094	 0.00000000000000E+0000
  2095	 2.10000000000000E+0001
  2096	 0.00000000000000E+0000
  2097	 2.10000000000000E+0001
  2098	 0.00000000000000E+0000
  2099	 2.00000000000000E+0001
  2100	 0.00000000000000E+0000
  2101	 0.00000000000000E+0000
  2102	 1.90000000000000E+0001
  2103	 0.00000000000000E+0000
  2104	 3.10000000000000E+0001
  2105	 0.00000000000000E+0000
  2106	 0.00000000000000E+0000
  2107	 2.30000000000000E+0001
  2108	 0.00000000000000E+0000
  2109	 1.50000000000000E+0001
  2110	 0.00000000000000E+0000
  2111	 0.00000000000000E+0000
  2112	 1.90000000000000E+0001
  2113	 0.00000000000000E+0000
  2114	 2.20000000000000E+0001
  2115	 0.00000000000000E+0000
  2116	 0.00000000000000E+0000
  2117	 1.80000000000000E+0001
  2118	 0.00000000000000E+0000
  2119	 1.50000000000000E+0001
  2120	 0.00000000000000E+0000
  2121	 0.00000000000000E+0000
  2122	 1.80000000000000E+0001
  2123	 0.00000000000000E+0000
  2124	 1.70000000000000E+0001
  2125	 0.00000000000000E+0000
  2126	 0.00000000000000E+0000
  2127	 1.90000000000000E+0001
  2128	 0.00000000000000E+0000
  2129	 2.00000000000000E+0001
  2130	 0.00000000000000E+0000
  2131	 1.80000000000000E+0001
  2132	 0.00000000000000E+0000
  2133	 0.00000000000000E+0000
  2134	 1.90000000000000E+0001
  2135	 0.00000000000000E+0000
  2136	 1.80000000000000E+0001
  2137	 0.00000000000000E+0000
  2138	 0.00000000000000E+0000
  2139	 1.80000000000000E+0001
  2140	 0.00000000000000E+0000
  2141	 2.00000000000000E+0001
  2142	 0.00000000000000E+0000
  2143	 0.00000000000000E+0000
  2144	 2.10000000000000E+0001
  2145	 0.00000000000000E+0000
  2146	 1.20000000000000E+0001
  2147	 0.00000000000000E+0000
  2148	 0.00000000000000E+0000
  2149	 2.80000000000000E+0001
  2150	 0.00000000000000E+0000
  2151	 2.60000000000000E+0001
  2152	 0.00000000000000E+0000
  2153	 0.00000000000000E+0000
  2154	 2.00000000000000E+0001
  2155	 0.00000000000000E+0000
  2156	 2.70000000000000E+0001
  2157	 0.00000000000000E+0000
  2158	 0.00000000000000E+0000
  2159	 1.50000000000000E+0001
  2160	 0.00000000000000E+0000
  2161	 2.00000000000000E+0001
  2162	 0.00000000000000E+0000
  2163	 1.80000000000000E+0001
  2164	 0.00000000000000E+0000
  2165	 0.00000000000000E+0000
  2166	 1.60000000000000E+0001
  2167	 0.00000000000000E+0000
  2168	 1.80000000000000E+0001
  2169	 0.00000000000000E+0000
  2170	 0.00000000000000E+0000
  2171	 2.90000000000000E+0001
  2172	 0.00000000000000E+0000
  2173	 1.60000000000000E+0001
  2174	 0.00000000000000E+0000
  2175	 0.00000000000000E+0000
  2176	 2.10000000000000E+0001
  2177	 0.00000000000000E+0000
  2178	 2.20000000000000E+0001
  2179	 0.00000000000000E+0000
  2180	 0.00000000000000E+0000
  2181	 1.70000000000000E+0001
  2182	 0.00000000000000E+0000
  2183	 1.80000000000000E+0001
  2184	 0.00000000000000E+0000
  2185	 0.00000000000000E+0000
  2186	 2.30000000000000E+0001
  2187	 0.00000000000000E+0000
  2188	 2.40000000000000E+0001
  2189	 0.00000000000000E+0000
  2190	 0.00000000000000E+0000
  2191	 1.80000000000000E+0001
  2192	 0.00000000000000E+0000
  2193	 1.70000000000000E+0001
  2194	 0.00000000000000E+0000
  2195	 2.30000000000000E+0001
  2196	 0.00000000000000E+0000
  2197	 0.00000000000000E+0000
  2198	 2.10000000000000E+0001
  2199	 0.00000000000000E+0000
  2200	 1.30000000000000E+0001
  2201	 0.00000000000000E+0000
  2202	 0.00000000000000E+0000
  2203	 2.20000000000000E+0001
  2204	 0.00000000000000E+0000
  2205	 2.00000000000000E+0001
  2206	 0.00000000000000E+0000
  2207	 0.00000000000000E+0000
  2208	 2.10000000000000E+0001
  2209	 0.00000000000000E+0000
  2210	 1.90000000000000E+0001
  2211	 0.00000000000000E+0000
  2212	 0.00000000000000E+0000
  2213	 7.00000000000000E+0000
  2214	 0.00000000000000E+0000
  2215	 1.90000000000000E+0001
  2216	 0.00000000000000E+0000
  2217	 0.00000000000000E+0000
  2218	 1.30000000000000E+0001
  2219	 0.00000000000000E+0000
  2220	 1.60000000000000E+0001
  2221	 0.00000000000000E+0000
  2222	 0.00000000000000E+0000
  2223	 2.30000000000000E+0001
  2224	 0.00000000000000E+0000
  2225	 1.40000000000000E+0001
  2226	 0.00000000000000E+0000
  2227	 1.50000000000000E+0001
  2228	 0.00000000000000E+0000
  2229	 0.00000000000000E+0000
  2230	 1.70000000000000E+0001
  2231	 0.00000000000000E+0000
  2232	 2.00000000000000E+0001
  2233	 0.00000000000000E+0000
  2234	 0.00000000000000E+0000
  2235	 2.10000000000000E+0001
  2236	 0.00000000000000E+0000
  2237	 1.40000000000000E+0001
  2238	 0.00000000000000E+0000
  2239	 0.00000000000000E+0000
  2240	 2.40000000000000E+0001
  2241	 0.00000000000000E+0000
  2242	 1.80000000000000E+0001
  2243	 0.00000000000000E+0000
  2244	 0.00000000000000E+0000
  2245	 1.30000000000000E+0001
  2246	 0.00000000000000E+0000
  2247	 1.10000000000000E+0001
  2248	 0.00000000000000E+0000
  2249	 0.00000000000000E+0000
  2250	 1.70000000000000E+0001
  2251	 0.00000000000000E+0000
  2252	 1.40000000000000E+0001
  2253	 0.00000000000000E+0000
  2254	 0.00000000000000E+0000
  2255	 1.40000000000000E+0001
  2256	 0.00000000000000E+0000
  2257	 2.10000000000000E+0001
  2258	 0.00000000000000E+0000
  2259	 1.70000000000000E+0001
  2260	 0.00000000000000E+0000
  2261	 0.00000000000000E+0000
  2262	 1.80000000000000E+0001
  2263	 0.00000000000000E+0000
  2264	 2.10000000000000E+0001
  2265	 0.00000000000000E+0000
  2266	 0.00000000000000E+0000
  2267	 1.60000000000000E+0001
  2268	 0.00000000000000E+0000
  2269	 1.80000000000000E+0001
  2270	 0.00000000000000E+0000
  2271	 0.00000000000000E+0000
  2272	 1.10000000000000E+0001
  2273	 0.00000000000000E+0000
  2274	 1.70000000000000E+0001
  2275	 0.00000000000000E+0000
  2276	 0.00000000000000E+0000
  2277	 1.90000000000000E+0001
  2278	 0.00000000000000E+0000
  2279	 1.80000000000000E+0001
  2280	 0.00000000000000E+0000
  2281	 0.00000000000000E+0000
  2282	 1.90000000000000E+0001
  2283	 0.00000000000000E+0000
  2284	 1.30000000000000E+0001
  2285	 0.00000000000000E+0000
  2286	 0.00000000000000E+0000
  2287	 1.40000000000000E+0001
  2288	 0.00000000000000E+0000
  2289	 6.00000000000000E+0000
  2290	 0.00000000000000E+0000
  2291	 9.00000000000000E+0000
  2292	 0.00000000000000E+0000
  2293	 0.00000000000000E+0000
  2294	 1.20000000000000E+0001
  2295	 0.00000000000000E+0000
  2296	 1.90000000000000E+0001
  2297	 0.00000000000000E+0000
  2298	 0.00000000000000E+0000
  2299	 1.50000000000000E+0001
  2300	 0.00000000000000E+0000
  2301	 1.50000000000000E+0001
  2302	 0.00000000000000E+0000
  2303	 0.00000000000000E+0000
  2304	 2.00000000000000E+0001
  2305	 0.00000000000000E+0000
  2306	 2.40000000000000E+0001
  2307	 0.00000000000000E+0000
  2308	 0.00000000000000E+0000
  2309	 2.10000000000000E+0001
  2310	 0.00000000000000E+0000
  2311	 1.80000000000000E+0001
  2312	 0.00000000000000E+0000
  2313	 0.00000000000000E+0000
  2314	 1.40000000000000E+0001
  2315	 0.00000000000000E+0000
  2316	 2.00000000000000E+0001
  2317	 0.00000000000000E+0000
  2318	 0.00000000000000E+0000
  2319	 1.60000000000000E+0001
  2320	 0.00000000000000E+0000
  2321	 1.30000000000000E+0001
  2322	 0.00000000000000E+0000
  2323	 1.60000000000000E+0001
  2324	 0.00000000000000E+0000
  2325	 0.00000000000000E+0000
  2326	 1.90000000000000E+0001
  2327	 0.00000000000000E+0000
  2328	 1.40000000000000E+0001
  2329	 0.00000000000000E+0000
  2330	 0.00000000000000E+0000
  2331	 1.60000000000000E+0001
  2332	 0.00000000000000E+0000
  2333	 1.50000000000000E+0001
  2334	 0.00000000000000E+0000
  2335	 0.00000000000000E+0000
  2336	 8.00000000000000E+0000
  2337	 0.00000000000000E+0000
  2338	 1.70000000000000E+0001
  2339	 0.00000000000000E+0000
  2340	 0.00000000000000E+0000
  2341	 1.80000000000000E+0001
  2342	 0.00000000000000E+0000
  2343	 1.60000000000000E+0001
  2344	 0.00000000000000E+0000
  2345	 0.00000000000000E+0000
  2346	 1.50000000000000E+0001
  2347	 0.00000000000000E+0000
  2348	 1.30000000000000E+0001
  2349	 0.00000000000000E+0000
  2350	 0.00000000000000E+0000
  2351	 1.80000000000000E+0001
  2352	 0.00000000000000E+0000
  2353	 2.00000000000000E+0001
  2354	 0.00000000000000E+0000
  2355	 2.00000000000000E+0001
  2356	 0.00000000000000E+0000
  2357	 0.00000000000000E+0000
  2358	 1.60000000000000E+0001
  2359	 0.00000000000000E+0000
  2360	 1.10000000000000E+0001
  2361	 0.00000000000000E+0000
  2362	 0.00000000000000E+0000
  2363	 1.30000000000000E+0001
  2364	 0.00000000000000E+0000
  2365	 1.60000000000000E+0001
  2366	 0.00000000000000E+0000
  2367	 0.00000000000000E+0000
  2368	 1.30000000000000E+0001
  2369	 0.00000000000000E+0000
  2370	 1.40000000000000E+0001
  2371	 0.00000000000000E+0000
  2372	 0.00000000000000E+0000
  2373	 1.70000000000000E+0001
  2374	 0.00000000000000E+0000
  2375	 1.30000000000000E+0001
  2376	 0.00000000000000E+0000
  2377	 0.00000000000000E+0000
  2378	 1.50000000000000E+0001
  2379	 0.00000000000000E+0000
  2380	 1.60000000000000E+0001
  2381	 0.00000000000000E+0000
  2382	 0.00000000000000E+0000
  2383	 1.60000000000000E+0001
  2384	 0.00000000000000E+0000
  2385	 2.00000000000000E+0001
  2386	 0.00000000000000E+0000
  2387	 1.40000000000000E+0001
  2388	 0.00000000000000E+0000
  2389	 0.00000000000000E+0000
  2390	 1.40000000000000E+0001
  2391	 0.00000000000000E+0000
  2392	 9.00000000000000E+0000
  2393	 0.00000000000000E+0000
  2394	 0.00000000000000E+0000
  2395	 1.60000000000000E+0001
  2396	 0.00000000000000E+0000
  2397	 1.50000000000000E+0001
  2398	 0.00000000000000E+0000
  2399	 0.00000000000000E+0000
  2400	 1.70000000000000E+0001
  2401	 0.00000000000000E+0000
  2402	 1.80000000000000E+0001
  2403	 0.00000000000000E+0000
  2404	 0.00000000000000E+0000
  2405	 2.00000000000000E+0001
  2406	 0.00000000000000E+0000
  2407	 1.20000000000000E+0001
  2408	 0.00000000000000E+0000
  2409	 0.00000000000000E+0000
  2410	 1.30000000000000E+0001
  2411	 0.00000000000000E+0000
  2412	 1.10000000000000E+0001
  2413	 0.00000000000000E+0000
  2414	 0.00000000000000E+0000
  2415	 1.40000000000000E+0001
  2416	 0.00000000000000E+0000
  2417	 1.80000000000000E+0001
  2418	 0.00000000000000E+0000
  2419	 1.70000000000000E+0001
  2420	 0.00000000000000E+0000
  2421	 0.00000000000000E+0000
  2422	 1.70000000000000E+0001
  2423	 0.00000000000000E+0000
  2424	 1.50000000000000E+0001
  2425	 0.00000000000000E+0000
  2426	 0.00000000000000E+0000
  2427	 1.80000000000000E+0001
  2428	 0.00000000000000E+0000
  2429	 1.40000000000000E+0001
  2430	 0.00000000000000E+0000
  2431	 0.00000000000000E+0000
  2432	 8.00000000000000E+0000
  2433	 0.00000000000000E+0000
  2434	 1.80000000000000E+0001
  2435	 0.00000000000000E+0000
  2436	 0.00000000000000E+0000
  2437	 1.10000000000000E+0001
  2438	 0.00000000000000E+0000
  2439	 9.00000000000000E+0000
  2440	 0.00000000000000E+0000
  2441	 0.00000000000000E+0000
  2442	 1.50000000000000E+0001
  2443	 0.00000000000000E+0000
  2444	 1.90000000000000E+0001
  2445	 0.00000000000000E+0000
  2446	 0.00000000000000E+0000
  2447	 2.00000000000000E+0001
  2448	 0.00000000000000E+0000
  2449	 1.60000000000000E+0001
  2450	 0.00000000000000E+0000
  2451	 1.40000000000000E+0001
  2452	 0.00000000000000E+0000
  2453	 0.00000000000000E+0000
  2454	 1.70000000000000E+0001
  2455	 0.00000000000000E+0000
  2456	 1.40000000000000E+0001
  2457	 0.00000000000000E+0000
  2458	 0.00000000000000E+0000
  2459	 1.10000000000000E+0001
  2460	 0.00000000000000E+0000
  2461	 1.90000000000000E+0001
  2462	 0.00000000000000E+0000
  2463	 0.00000000000000E+0000
  2464	 1.50000000000000E+0001
  2465	 0.00000000000000E+0000
  2466	 1.50000000000000E+0001
  2467	 0.00000000000000E+0000
  2468	 0.00000000000000E+0000
  2469	 2.20000000000000E+0001
  2470	 0.00000000000000E+0000
  2471	 1.10000000000000E+0001
  2472	 0.00000000000000E+0000
  2473	 0.00000000000000E+0000
  2474	 1.20000000000000E+0001
  2475	 0.00000000000000E+0000
  2476	 1.70000000000000E+0001
  2477	 0.00000000000000E+0000
  2478	 0.00000000000000E+0000
  2479	 1.70000000000000E+0001
  2480	 0.00000000000000E+0000
  2481	 1.70000000000000E+0001
  2482	 0.00000000000000E+0000
  2483	 2.10000000000000E+0001
  2484	 0.00000000000000E+0000
  2485	 0.00000000000000E+0000
  2486	 1.20000000000000E+0001
  2487	 0.00000000000000E+0000
  2488	 1.70000000000000E+0001
  2489	 0.00000000000000E+0000
  2490	 0.00000000000000E+0000
  2491	 1.30000000000000E+0001
  2492	 0.00000000000000E+0000
  2493	 2.00000000000000E+0001
  2494	 0.00000000000000E+0000
  2495	 0.00000000000000E+0000
  2496	 2.00000000000000E+0001
  2497	 0.00000000000000E+0000
  2498	 1.70000000000000E+0001
  2499	 0.00000000000000E+0000
  2500	 0.00000000000000E+0000
  2501	 1.70000000000000E+0001
  2502	 0.00000000000000E+0000
  2503	 1.70000000000000E+0001
  2504	 0.00000000000000E+0000
  2505	 0.00000000000000E+0000
  2506	 1.40000000000000E+0001
  2507	 0.00000000000000E+0000
  2508	 1.60000000000000E+0001
  2509	 0.00000000000000E+0000
  2510	 0.00000000000000E+0000
  2511	 1.80000000000000E+0001
  2512	 0.00000000000000E+0000
  2513	 1.70000000000000E+0001
  2514	 0.00000000000000E+0000
  2515	 1.90000000000000E+0001
  2516	 0.00000000000000E+0000
  2517	 0.00000000000000E+0000
  2518	 1.20000000000000E+0001
  2519	 0.00000000000000E+0000
  2520	 1.40000000000000E+0001
  2521	 0.00000000000000E+0000
  2522	 0.00000000000000E+0000
  2523	 1.10000000000000E+0001
  2524	 0.00000000000000E+0000
  2525	 1.80000000000000E+0001
  2526	 0.00000000000000E+0000
  2527	 0.00000000000000E+0000
  2528	 2.10000000000000E+0001
  2529	 0.00000000000000E+0000
  2530	 1.20000000000000E+0001
  2531	 0.00000000000000E+0000
  2532	 0.00000000000000E+0000
  2533	 1.80000000000000E+0001
  2534	 0.00000000000000E+0000
  2535	 1.70000000000000E+0001
  2536	 0.00000000000000E+0000
  2537	 0.00000000000000E+0000
  2538	 1.40000000000000E+0001
  2539	 0.00000000000000E+0000
  2540	 1.20000000000000E+0001
  2541	 0.00000000000000E+0000
  2542	 0.00000000000000E+0000
  2543	 1.40000000000000E+0001
  2544	 0.00000000000000E+0000
  2545	 1.10000000000000E+0001
  2546	 0.00000000000000E+0000
  2547	 2.00000000000000E+0001
  2548	 0.00000000000000E+0000
  2549	 0.00000000000000E+0000
  2550	 7.00000000000000E+0000
  2551	 0.00000000000000E+0000
  2552	 5.00000000000000E+0000
  2553	 0.00000000000000E+0000
  2554	 0.00000000000000E+0000
  2555	 1.00000000000000E+0001
  2556	 0.00000000000000E+0000
  2557	 3.00000000000000E+0000
  2558	 0.00000000000000E+0000
  2559	 0.00000000000000E+0000
  2560	 0.00000000000000E+0000
