0
0
0
0
0
0
0
0
0
0
0
0
0
0
0
0
0
0
0
3
184
218
208
245
214
188
195
191
209
204
222
203
202
207
176
187
157
144
152
152
137
139
147
124
124
95
96
85
84
80
66
65
66
63
77
60
61
52
44
40
41
28
42
26
26
25
26
21
25
20
12
25
14
18
10
9
7
10
13
9
6
11
8
6
8
2
7
7
7
7
4
5
4
1
3
7
3
0
3
1
1
4
2
2
2
0
1
1
3
0
2
2
2
0
1
0
3
2
1
2
1
0
1
0
0
2
0
0
2
0
0
2
0
0
1
0
0
1
1
0
2
1
0
1
0
1
1
0
0
1
0
0
0
0
2
0
0
0
0
1
2
0
0
0
0
1
1
1
0
0
3
0
0
0
0
0
0
0
0
0
1
0
0
0
0
0
0
0
0
0
0
1
0
0
0
0
1
0
1
0
0
0
0
0
0
0
0
1
3
0
0
1
1
0
1
0
0
0
0
0
1
2
0
0
1
1
0
0
0
0
0
1
1
0
0
0
0
0
0
0
1
0
0
0
0
1
1
0
0
0
0
1
0
0
1
0
0
1
1
1
0
0
1
2
0
0
0
0
0
1
0
0
0
1
0
0
0
0
1
1
0
0
1
0
0
0
0
0
0
1
0
0
0
2
0
0
0
1
0
0
2
0
0
1
0
0
1
2
0
0
2
0
0
0
0
0
0
0
1
0
0
1
2
0
0
2
1
0
0
1
1
1
0
0
0
0
0
1
0
0
0
1
2
0
0
0
0
1
0
0
0
1
2
0
1
0
0
0
0
0
1
0
2
2
1
0
1
0
0
1
0
0
0
1
0
1
1
2
0
2
0
0
2
0
0
0
0
0
0
1
0
0
1
0
0
0
0
0
1
0
0
1
0
0
0
1
1
0
2
0
1
0
0
0
3
0
3
1
2
0
0
1
1
0
0
1
0
0
2
0
0
1
0
0
0
0
0
0
0
0
1
0
0
0
1
0
0
0
0
0
0
1
0
1
0
0
2
0
0
2
0
0
0
0
0
0
0
0
2
1
0
0
1
0
0
0
1
1
0
0
1
0
0
0
1
1
0
1
0
0
1
1
1
1
0
0
1
1
1
3
0
0
0
0
2
0
0
0
0
1
1
2
2
0
1
1
0
1
0
0
0
1
1
0
0
1
0
0
0
1
0
1
0
1
1
1
1
2
0
1
1
1
1
1
1
0
0
0
0
1
2
2
0
0
3
0
0
1
0
1
0
3
0
1
0
0
1
0
0
0
1
1
2
0
1
1
0
1
0
0
0
0
1
0
2
1
1
0
3
0
0
0
1
0
0
1
1
1
2
2
1
0
1
2
0
1
2
1
1
1
0
1
1
1
0
1
0
0
0
0
3
1
2
0
0
0
0
0
0
0
0
2
1
1
0
0
0
0
0
0
0
1
1
0
0
1
1
0
0
1
0
0
0
0
1
0
0
0
1
0
0
0
0
3
0
0
1
2
0
0
0
0
1
1
1
1
0
0
0
0
1
0
1
1
0
0
0
0
1
1
1
1
0
0
0
2
0
2
3
0
0
0
0
1
2
1
1
1
0
1
0
0
1
1
2
0
0
0
1
1
0
1
1
5
0
1
0
0
1
0
5
2
1
0
1
2
0
0
3
2
0
0
0
0
0
0
0
1
0
1
1
2
3
0
0
0
1
1
2
0
1
0
0
2
0
0
0
0
1
0
0
0
0
0
0
2
1
1
1
2
1
2
1
0
0
0
0
0
1
2
0
0
2
0
0
1
0
0
1
1
2
0
1
1
1
0
1
2
0
1
0
0
0
3
2
1
1
1
0
0
1
1
1
0
2
1
1
4
0
0
2
2
2
0
1
2
0
0
1
0
3
1
1
1
1
1
0
0
2
2
1
0
0
3
0
1
0
0
2
0
0
2
2
1
3
0
0
1
0
0
1
0
0
0
0
1
1
0
2
2
2
3
4
3
3
0
5
1
1
0
2
2
2
2
2
3
0
0
1
0
1
2
1
4
0
0
0
1
3
0
0
1
2
0
2
1
3
1
1
0
0
2
1
3
1
3
0
1
4
3
1
1
4
1
0
2
2
4
1
1
3
2
0
0
3
2
1
3
1
1
1
2
0
2
0
2
6
2
2
1
3
4
0
3
5
0
2
0
3
2
2
1
1
0
1
5
2
1
1
0
3
1
4
2
1
1
0
2
4
0
3
3
3
3
5
2
2
0
3
3
4
3
1
3
0
2
2
1
2
2
2
4
2
3
0
4
3
3
4
4
5
0
6
5
14
29
39
43
49
59
48
41
19
13
4
6
0
2
3
4
3
2
2
4
2
7
4
1
3
8
5
7
5
3
8
6
7
14
10
16
18
30
24
44
82
173
284
465
660
782
779
642
504
288
144
48
18
9
6
1
3
2
1
0
1
1
2
1
2
0
0
2
0
0
2
0
0
1
0
2
1
3
0
0
0
0
2
0
3
0
1
1
0
2
2
2
3
1
1
0
1
2
2
1
0
0
0
5
1
1
0
1
1
0
1
0
1
3
1
2
0
1
3
1
1
0
2
1
3
1
2
4
2
1
2
6
3
1
4
5
4
3
4
6
2
2
5
3
3
5
8
9
7
9
10
17
23
28
26
37
60
56
90
131
200
193
192
178
150
92
61
31
9
7
2
2
3
1
2
4
4
0
3
2
2
4
1
2
3
3
5
4
2
8
8
4
5
8
12
12
24
30
71
104
152
223
301
326
301
237
165
78
60
26
9
5
2
1
1
2
1
0
1
2
1
2
0
2
0
0
0
1
0
0
1
0
1
2
0
0
0
0
0
0
0
1
2
0
0
4
1
1
3
2
2
1
2
3
0
0
3
0
0
1
1
0
1
0
0
1
1
3
0
2
2
2
0
2
3
2
2
1
0
3
0
1
1
5
2
3
2
3
1
3
2
2
3
0
12
2
4
5
5
3
6
11
12
12
10
16
16
26
26
28
47
54
79
126
146
223
263
295
298
299
244
155
85
53
27
10
2
2
0
1
0
0
1
0
0
1
0
0
0
1
1
0
0
0
0
0
1
0
0
1
0
1
0
1
0
0
0
0
0
0
1
0
0
1
0
0
0
0
1
0
1
1
0
0
0
0
0
0
0
0
0
0
0
0
0
0
0
1
1
1
0
0
0
0
0
0
0
0
0
0
0
1
0
0
0
0
0
0
1
0
0
1
0
0
0
0
0
1
0
1
2
0
0
0
0
0
0
0
3
0
0
0
0
0
0
0
0
0
0
0
1
0
1
0
0
0
0
0
1
0
0
0
0
1
0
0
0
0
0
0
0
0
0
0
0
0
0
0
2
0
0
0
0
1
0
0
1
0
0
0
1
0
1
0
0
0
1
0
0
0
0
0
0
1
0
0
0
0
0
1
0
0
0
0
0
0
0
0
0
0
1
0
1
0
0
0
0
1
1
1
0
0
0
0
0
0
0
0
0
0
1
0
0
0
0
0
2
1
0
1
0
0
0
0
0
1
0
1
1
0
1
0
0
0
1
2
0
3
0
1
0
2
1
0
0
0
0
0
1
0
1
1
1
0
2
1
0
1
0
1
0
0
0
1
0
0
0
0
0
0
0
0
0
1
1
0
0
1
0
1
0
0
0
0
0
1
2
0
1
0
0
1
1
1
0
1
0
0
1
1
0
1
0
0
1
0
0
0
0
0
0
0
1
0
0
1
1
1
0
0
0
1
1
1
0
0
0
2
1
0
1
1
1
0
1
7
0
1
2
0
1
2
1
1
1
0
2
1
1
2
1
3
0
1
3
2
4
3
4
5
5
4
8
2
13
7
12
23
32
54
99
144
176
211
257
247
230
192
158
88
70
42
17
8
2
2
2
0
0
0
0
0
0
0
0
0
0
0
0
0
0
0
0
0
0
0
0
0
0
0
0
0
0
0
0
0
0
0
0
0
0
0
0
0
0
0
0
0
0
0
0
0
0
0
0
0
0
0
0
0
0
0
0
0
0
0
0
0
0
0
0
0
0
0
0
0
0
0
0
0
0
0
0
0
0
0
0
0
0
0
0
0
0
0
0
0
0
0
0
0
0
0
0
0
0
0
0
0
0
0
0
0
0
0
0
0
0
0
0
0
0
0
0
0
0
0
0
0
0
0
0
0
0
0
0
0
0
0
0
0
0
0
0
0
0
0
0
0
0
0
0
0
0
0
0
0
0
0
0
0
0
0
0
0
0
0
0
0
0
0
0
0
0
0
0
0
0
0
0
0
0
0
0
0
0
0
0
0
0
0
0
0
0
0
0
0
0
0
0
0
0
0
0
0
0
0
0
0
0
0
0
0
0
0
0
0
0
0
0
0
0
0
0
0
0
0
0
0
0
0
0
0
0
0
0
0
0
0
0
0
0
0
0
0
0
0
0
0
0
0
0
0
0
0
0
0
0
0
0
0
0
0
0
0
0
0
0
0
0
0
0
0
0
0
0
0
0
0
0
0
0
0
0
0
0
0
0
0
0
0
0
0
0
0
0
0
0
0
0
0
0
0
0
0
0
0
0
0
0
0
0
0
0
0
0
0
0
0
0
0
0
0
0
0