0
0
0
0
0
0
0
0
0
1
118
174
177
192
171
165
151
135
106
131
93
102
98
116
90
93
105
83
93
102
112
89
93
86
103
74
63
87
59
59
53
47
62
56
55
36
38
39
35
23
28
28
23
28
19
24
27
22
21
13
12
13
14
14
10
15
9
10
3
12
5
4
7
6
4
5
6
4
7
2
3
4
1
3
1
4
3
2
1
0
1
2
1
3
2
1
3
0
2
1
1
1
0
0
0
2
1
0
2
1
0
0
0
0
0
1
1
0
0
0
1
0
0
0
0
0
0
1
0
0
2
0
0
0
0
0
1
0
0
0
0
0
0
0
0
0
0
0
0
0
0
0
0
0
0
0
0
0
0
0
0
1
0
0
0
0
0
0
0
0
0
0
1
0
2
0
0
0
0
1
1
0
0
0
0
0
0
0
0
0
0
0
0
0
1
0
0
1
0
1
0
1
0
0
0
0
0
0
0
1
0
0
0
0
0
0
0
0
0
0
0
0
0
1
0
0
0
1
0
0
1
0
0
0
0
0
0
0
0
0
0
0
0
0
0
0
0
0
0
0
0
0
0
0
0
0
0
0
0
2
0
0
0
1
0
0
0
0
0
0
0
0
0
0
0
1
0
1
0
0
1
0
0
0
1
0
0
0
0
1
0
0
0
0
1
0
1
0
0
0
0
0
0
1
0
0
0
1
0
0
0
0
0
0
0
0
0
0
0
0
0
0
0
0
0
1
0
1
0
0
0
0
0
0
0
0
0
0
0
0
0
0
0
0
1
0
0
1
0
1
0
0
0
0
1
0
0
0
0
0
1
0
0
0
0
0
0
1
0
0
0
1
1
0
0
0
1
0
1
0
0
0
0
0
0
1
0
0
0
1
0
0
0
0
0
0
0
0
0
0
0
0
0
0
0
1
0
0
0
1
2
0
1
0
0
0
0
0
1
0
0
0
0
0
0
0
0
0
0
0
0
0
0
0
0
0
0
0
0
0
0
0
0
1
0
0
1
0
0
0
0
0
0
0
1
0
0
0
1
0
0
0
0
1
0
0
0
0
0
1
1
1
0
0
1
1
1
1
0
0
1
0
0
0
0
0
0
1
0
0
0
1
0
0
0
0
0
1
0
0
0
0
0
0
1
0
0
1
1
0
0
0
0
0
1
1
0
0
0
0
0
0
1
0
1
0
1
0
2
0
0
0
0
0
0
1
0
1
1
0
1
0
0
0
0
1
0
0
0
0
0
0
1
0
0
0
0
0
1
0
0
0
0
1
0
0
0
0
0
0
0
0
0
0
0
1
0
1
0
0
1
1
0
0
0
0
0
1
0
1
0
0
0
0
0
1
0
1
1
0
1
0
0
0
0
1
1
1
0
0
0
0
0
1
1
0
0
0
0
0
1
0
0
0
0
0
1
0
0
0
0
0
0
0
2
1
0
1
0
0
0
1
0
1
1
0
0
1
0
0
0
0
1
0
0
0
1
0
0
0
0
0
0
0
0
0
2
0
1
0
1
0
0
1
0
0
0
0
0
0
0
0
0
0
0
0
0
0
0
0
0
1
0
2
0
0
0
0
1
0
0
0
1
2
0
0
1
1
0
0
0
0
0
0
0
0
0
0
1
0
0
0
0
0
0
0
0
0
1
0
2
0
1
1
1
2
0
0
0
0
0
1
1
0
0
0
0
1
1
1
2
0
0
1
2
1
0
0
0
0
0
1
0
1
0
0
0
1
0
1
0
1
1
0
1
1
0
0
0
0
2
0
0
0
0
0
1
0
0
0
0
1
1
2
1
1
0
0
0
0
1
0
0
0
1
2
1
0
0
0
0
1
1
0
1
1
0
1
1
0
0
0
0
0
0
0
0
0
2
1
0
0
0
0
1
0
0
1
0
0
0
1
0
1
0
1
1
1
0
0
1
0
0
0
0
0
2
1
2
1
1
0
1
0
0
1
0
1
1
2
0
1
1
0
1
0
0
0
2
1
1
2
0
0
0
0
1
1
1
0
1
0
1
2
0
0
0
1
0
0
0
0
0
0
0
1
0
1
0
1
0
1
1
0
0
0
0
2
0
0
1
1
0
1
2
2
0
2
0
2
0
0
2
1
0
0
0
3
2
0
1
2
0
1
0
0
0
4
1
1
1
0
0
3
1
2
1
0
0
1
0
2
0
1
2
0
0
0
1
1
4
2
1
0
1
1
0
2
1
1
1
0
0
1
0
0
0
3
0
0
0
0
0
1
1
1
0
1
2
0
1
0
1
1
0
3
1
4
1
1
0
2
2
1
3
1
1
2
2
7
12
7
16
23
19
17
28
10
8
5
2
1
2
0
3
2
3
2
0
2
2
1
2
6
2
1
3
4
5
3
3
3
5
10
7
9
10
11
23
27
41
116
166
294
363
432
379
271
165
76
22
7
2
0
2
3
1
1
0
1
0
0
1
0
0
1
1
1
1
0
0
1
3
1
1
0
0
1
0
0
1
0
1
2
0
0
1
0
1
0
0
1
0
1
0
0
0
0
1
0
0
2
0
1
1
1
2
0
0
3
1
0
0
0
0
0
3
1
0
0
0
1
0
0
2
0
2
0
0
2
0
0
0
7
2
0
1
1
4
3
3
6
5
3
1
5
3
4
8
5
11
4
10
23
29
27
40
55
84
92
116
104
103
71
43
19
11
3
1
1
2
0
0
3
1
0
2
1
1
2
2
1
0
0
1
1
3
0
0
2
1
1
4
5
7
15
17
29
59
80
120
158
179
158
101
54
31
11
3
0
1
0
0
0
1
0
0
1
0
0
0
0
1
0
1
1
0
0
1
0
0
1
1
0
1
0
1
1
0
0
0
1
1
0
0
0
2
1
1
0
0
0
0
2
1
1
0
1
0
0
1
0
0
0
3
0
2
2
2
1
2
0
0
0
1
0
0
2
1
0
0
2
1
0
2
2
1
1
1
3
4
1
1
1
4
1
2
0
2
2
4
3
4
5
6
8
3
11
14
18
31
42
61
117
132
158
182
139
114
87
37
14
2
1
1
1
0
0
0
0
0
1
0
1
0
1
0
0
0
0
0
0
0
0
0
0
0
0
0
0
0
0
0
0
0
0
1
0
0
0
0
0
0
0
0
0
0
0
0
0
0
0
0
0
0
0
0
0
0
0
0
0
1
0
0
0
0
0
0
0
0
0
1
0
0
0
0
0
0
0
0
0
0
0
0
0
0
0
0
0
0
0
1
0
0
0
0
0
0
0
0
0
0
0
0
0
0
0
0
0
0
0
0
0
0
0
1
0
0
0
1
0
0
1
0
0
0
0
0
0
0
0
0
0
0
0
0
0
0
0
0
0
0
0
0
0
0
0
0
0
0
0
0
0
0
0
1
0
0
0
0
0
0
0
0
0
0
0
0
0
0
0
0
0
0
0
0
1
0
0
0
0
0
0
0
0
0
0
0
0
0
0
1
0
0
0
0
0
0
0
1
1
0
0
0
0
1
0
0
1
0
0
0
1
0
1
2
0
0
1
0
0
0
0
0
0
1
0
1
1
1
0
0
0
1
0
0
1
0
1
1
0
0
1
0
0
0
0
0
0
0
0
0
0
0
0
0
0
0
0
1
0
0
0
0
1
1
0
0
0
0
0
0
1
0
0
0
0
0
0
0
2
0
1
0
0
0
0
0
0
0
0
0
0
0
0
0
0
0
0
0
0
1
0
0
0
0
0
0
0
0
0
0
1
0
0
1
0
1
0
0
1
0
0
0
0
0
0
0
2
0
0
0
1
0
0
0
0
0
0
0
0
1
1
0
0
1
0
2
0
0
2
3
0
0
2
2
2
2
1
1
2
11
12
13
17
26
39
62
96
117
124
122
88
72
54
15
8
3
0
1
0
0
0
0
0
0
0
0
0
0
0
0
0
0
0
0
0
0
0
0
0
1
0
0
0
0
0
0
0
0
0
0
0
0
0
0
0
0
0
0
0
0
0
0
0
0
0
0
0
0
0
0
0
0
0
0
0
0
0
0
0
0
0
0
0
0
0
0
0
0
0
0
0
0
0
0
0
0
0
0
0
0
0
0
0
0
0
0
0
0
0
0
0
0
0
0
0
0
0
0
0
0
0
0
0
0
0
0
0
0
0
0
0
0
0
0
0
0
0
0
0
0
0
0
0
0
0
0
0
0
0
0
0
0
0
0
0
0
0
0
0
0
0
0
0
0
0
0
0
0
0
0
0
0
0
0
0
0
0
0
0
0
0
0
0
0
0
0
0
0
0
0
0
0
0
0
0
0
0
0
0
0
0
0
0
0
0
0
0
0
0
0
0
0
0
0
0
0
0
0
0
0
0
0
0
0
0
0
0
0
0
0
0
0
0
0
0
0
0
0
0
0
0
0
0
0
0
0
0
0
0
0
0
0
0
0
0
0
0
0
0
0
0
0
0
0
0
0
0
0
0
0
0
0
0
0
0
0
0
0
0
0
0
0
0
0
0
0
0
0
0
0
0
0
0
0
0
0
0
0
0
0
0
0
0
0
0
0
0
0
0
0
0
0
0
0
0
0
0
0
0
0
0
0
0
0
0
0
0
0
0
0
0
0
0
0
0
0
0
0
0
0
0
0
0
0
0