0.003	0
0.007	0
0.012	0
0.016	0
0.021	0
0.025	0
0.030	0
0.034	0
0.039	0
0.043	0
0.048	0
0.052	0
0.057	0
0.061	0
0.066	0
0.070	0
0.074	0
0.079	0
0.083	0
0.088	3
0.092	184
0.097	218
0.101	208
0.106	245
0.110	214
0.115	188
0.119	195
0.124	191
0.128	209
0.133	204
0.137	222
0.142	203
0.146	202
0.151	207
0.155	176
0.160	187
0.164	157
0.169	144
0.173	152
0.177	152
0.182	137
0.186	139
0.191	147
0.195	124
0.200	124
0.204	95
0.209	96
0.213	85
0.218	84
0.222	80
0.227	66
0.231	65
0.236	66
0.240	63
0.245	77
0.249	60
0.254	61
0.258	52
0.263	44
0.267	40
0.272	41
0.276	28
0.280	42
0.285	26
0.289	26
0.294	25
0.298	26
0.303	21
0.307	25
0.312	20
0.316	12
0.321	25
0.325	14
0.330	18
0.334	10
0.339	9
0.343	7
0.348	10
0.352	13
0.357	9
0.361	6
0.366	11
0.370	8
0.375	6
0.379	8
0.384	2
0.388	7
0.392	7
0.397	7
0.401	7
0.406	4
0.410	5
0.415	4
0.419	1
0.424	3
0.428	7
0.433	3
0.437	0
0.442	3
0.446	1
0.451	1
0.455	4
0.460	2
0.464	2
0.469	2
0.473	0
0.478	1
0.482	1
0.487	3
0.491	0
0.495	2
0.500	2
0.504	2
0.509	0
0.513	1
0.518	0
0.522	3
0.527	2
0.531	1
0.536	2
0.540	1
0.545	0
0.549	1
0.554	0
0.558	0
0.563	2
0.567	0
0.572	0
0.576	2
0.581	0
0.585	0
0.590	2
0.594	0
0.599	0
0.603	1
0.607	0
0.612	0
0.616	1
0.621	1
0.625	0
0.630	2
0.634	1
0.639	0
0.643	1
0.648	0
0.652	1
0.657	1
0.661	0
0.666	0
0.670	1
0.675	0
0.679	0
0.684	0
0.688	0
0.693	2
0.697	0
0.702	0
0.706	0
0.710	0
0.715	1
0.719	2
0.724	0
0.728	0
0.733	0
0.737	0
0.742	1
0.746	1
0.751	1
0.755	0
0.760	0
0.764	3
0.769	0
0.773	0
0.778	0
0.782	0
0.787	0
0.791	0
0.796	0
0.800	0
0.805	0
0.809	1
0.813	0
0.818	0
0.822	0
0.827	0
0.831	0
0.836	0
0.840	0
0.845	0
0.849	0
0.854	0
0.858	1
0.863	0
0.867	0
0.872	0
0.876	0
0.881	1
0.885	0
0.890	1
0.894	0
0.899	0
0.903	0
0.908	0
0.912	0
0.917	0
0.921	0
0.925	0
0.930	1
0.934	3
0.939	0
0.943	0
0.948	1
0.952	1
0.957	0
0.961	1
0.966	0
0.970	0
0.975	0
0.979	0
0.984	0
0.988	1
0.993	2
0.997	0
1.002	0
1.006	1
1.011	1
1.015	0
1.020	0
1.024	0
1.028	0
1.033	0
1.037	1
1.042	1
1.046	0
1.051	0
1.055	0
1.060	0
1.064	0
1.069	0
1.073	0
1.078	1
1.082	0
1.087	0
1.091	0
1.096	0
1.100	1
1.105	1
1.109	0
1.114	0
1.118	0
1.123	0
1.127	1
1.132	0
1.136	0
1.140	1
1.145	0
1.149	0
1.154	1
1.158	1
1.163	1
1.167	0
1.172	0
1.176	1
1.181	2
1.185	0
1.190	0
1.194	0
1.199	0
1.203	0
1.208	1
1.212	0
1.217	0
1.221	0
1.226	1
1.230	0
1.235	0
1.239	0
1.243	0
1.248	1
1.252	1
1.257	0
1.261	0
1.266	1
1.270	0
1.275	0
1.279	0
1.284	0
1.288	0
1.293	0
1.297	1
1.302	0
1.306	0
1.311	0
1.315	2
1.320	0
1.324	0
1.329	0
1.333	1
1.338	0
1.342	0
1.346	2
1.351	0
1.355	0
1.360	1
1.364	0
1.369	0
1.373	1
1.378	2
1.382	0
1.387	0
1.391	2
1.396	0
1.400	0
1.405	0
1.409	0
1.414	0
1.418	0
1.423	0
1.427	1
1.432	0
1.436	0
1.441	1
1.445	2
1.450	0
1.454	0
1.458	2
1.463	1
1.467	0
1.472	0
1.476	1
1.481	1
1.485	1
1.490	0
1.494	0
1.499	0
1.503	0
1.508	0
1.512	1
1.517	0
1.521	0
1.526	0
1.530	1
1.535	2
1.539	0
1.544	0
1.548	0
1.553	0
1.557	1
1.561	0
1.566	0
1.570	0
1.575	1
1.579	2
1.584	0
1.588	1
1.593	0
1.597	0
1.602	0
1.606	0
1.611	0
1.615	1
1.620	0
1.624	2
1.629	2
1.633	1
1.638	0
1.642	1
1.647	0
1.651	0
1.656	1
1.660	0
1.665	0
1.669	0
1.673	1
1.678	0
1.682	1
1.687	1
1.691	2
1.696	0
1.700	2
1.705	0
1.709	0
1.714	2
1.718	0
1.723	0
1.727	0
1.732	0
1.736	0
1.741	0
1.745	1
1.750	0
1.754	0
1.759	1
1.763	0
1.768	0
1.772	0
1.776	0
1.781	0
1.785	1
1.790	0
1.794	0
1.799	1
1.803	0
1.808	0
1.812	0
1.817	1
1.821	1
1.826	0
1.830	2
1.835	0
1.839	1
1.844	0
1.848	0
1.853	0
1.857	3
1.862	0
1.866	3
1.871	1
1.875	2
1.880	0
1.884	0
1.888	1
1.893	1
1.897	0
1.902	0
1.906	1
1.911	0
1.915	0
1.920	2
1.924	0
1.929	0
1.933	1
1.938	0
1.942	0
1.947	0
1.951	0
1.956	0
1.960	0
1.965	0
1.969	0
1.974	1
1.978	0
1.983	0
1.987	0
1.991	1
1.996	0
2.000	0
2.005	0
2.009	0
2.014	0
2.018	0
2.023	1
2.027	0
2.032	1
2.036	0
2.041	0
2.045	2
2.050	0
2.054	0
2.059	2
2.063	0
2.068	0
2.072	0
2.077	0
2.081	0
2.086	0
2.090	0
2.094	0
2.099	2
2.103	1
2.108	0
2.112	0
2.117	1
2.121	0
2.126	0
2.130	0
2.135	1
2.139	1
2.144	0
2.148	0
2.153	1
2.157	0
2.162	0
2.166	0
2.171	1
2.175	1
2.180	0
2.184	1
2.189	0
2.193	0
2.198	1
2.202	1
2.206	1
2.211	1
2.215	0
2.220	0
2.224	1
2.229	1
2.233	1
2.238	3
2.242	0
2.247	0
2.251	0
2.256	0
2.260	2
2.265	0
2.269	0
2.274	0
2.278	0
2.283	1
2.287	1
2.292	2
2.296	2
2.301	0
2.305	1
2.309	1
2.314	0
2.318	1
2.323	0
2.327	0
2.332	0
2.336	1
2.341	1
2.345	0
2.350	0
2.354	1
2.359	0
2.363	0
2.368	0
2.372	1
2.377	0
2.381	1
2.386	0
2.390	1
2.395	1
2.399	1
2.404	1
2.408	2
2.413	0
2.417	1
2.421	1
2.426	1
2.430	1
2.435	1
2.439	1
2.444	0
2.448	0
2.453	0
2.457	0
2.462	1
2.466	2
2.471	2
2.475	0
2.480	0
2.484	3
2.489	0
2.493	0
2.498	1
2.502	0
2.507	1
2.511	0
2.516	3
2.520	0
2.524	1
2.529	0
2.533	0
2.538	1
2.542	0
2.547	0
2.551	0
2.556	1
2.560	1
2.565	2
2.569	0
2.574	1
2.578	1
2.583	0
2.587	1
2.592	0
2.596	0
2.601	0
2.605	0
2.610	1
2.614	0
2.619	2
2.623	1
2.627	1
2.632	0
2.636	3
2.641	0
2.645	0
2.650	0
2.654	1
2.659	0
2.663	0
2.668	1
2.672	1
2.677	1
2.681	2
2.686	2
2.690	1
2.695	0
2.699	1
2.704	2
2.708	0
2.713	1
2.717	2
2.722	1
2.726	1
2.731	1
2.735	0
2.739	1
2.744	1
2.748	1
2.753	0
2.757	1
2.762	0
2.766	0
2.771	0
2.775	0
2.780	3
2.784	1
2.789	2
2.793	0
2.798	0
2.802	0
2.807	0
2.811	0
2.816	0
2.820	0
2.825	0
2.829	2
2.834	1
2.838	1
2.842	0
2.847	0
2.851	0
2.856	0
2.860	0
2.865	0
2.869	0
2.874	1
2.878	1
2.883	0
2.887	0
2.892	1
2.896	1
2.901	0
2.905	0
2.910	1
2.914	0
2.919	0
2.923	0
2.928	0
2.932	1
2.937	0
2.941	0
2.946	0
2.950	1
2.954	0
2.959	0
2.963	0
2.968	0
2.972	3
2.977	0
2.981	0
2.986	1
2.990	2
2.995	0
2.999	0
3.004	0
3.008	0
3.013	1
3.017	1
3.022	1
3.026	1
3.031	0
3.035	0
3.040	0
3.044	0
3.049	1
3.053	0
3.057	1
3.062	1
3.066	0
3.071	0
3.075	0
3.080	0
3.084	1
3.089	1
3.093	1
3.098	1
3.102	0
3.107	0
3.111	0
3.116	2
3.120	0
3.125	2
3.129	3
3.134	0
3.138	0
3.143	0
3.147	0
3.152	1
3.156	2
3.160	1
3.165	1
3.169	1
3.174	0
3.178	1
3.183	0
3.187	0
3.192	1
3.196	1
3.201	2
3.205	0
3.210	0
3.214	0
3.219	1
3.223	1
3.228	0
3.232	1
3.237	1
3.241	5
3.246	0
3.250	1
3.255	0
3.259	0
3.264	1
3.268	0
3.272	5
3.277	2
3.281	1
3.286	0
3.290	1
3.295	2
3.299	0
3.304	0
3.308	3
3.313	2
3.317	0
3.322	0
3.326	0
3.331	0
3.335	0
3.340	0
3.344	0
3.349	1
3.353	0
3.358	1
3.362	1
3.367	2
3.371	3
3.375	0
3.380	0
3.384	0
3.389	1
3.393	1
3.398	2
3.402	0
3.407	1
3.411	0
3.416	0
3.420	2
3.425	0
3.429	0
3.434	0
3.438	0
3.443	1
3.447	0
3.452	0
3.456	0
3.461	0
3.465	0
3.470	0
3.474	2
3.479	1
3.483	1
3.487	1
3.492	2
3.496	1
3.501	2
3.505	1
3.510	0
3.514	0
3.519	0
3.523	0
3.528	0
3.532	1
3.537	2
3.541	0
3.546	0
3.550	2
3.555	0
3.559	0
3.564	1
3.568	0
3.573	0
3.577	1
3.582	1
3.586	2
3.590	0
3.595	1
3.599	1
3.604	1
3.608	0
3.613	1
3.617	2
3.622	0
3.626	1
3.631	0
3.635	0
3.640	0
3.644	3
3.649	2
3.653	1
3.658	1
3.662	1
3.667	0
3.671	0
3.676	1
3.680	1
3.685	1
3.689	0
3.693	2
3.698	1
3.702	1
3.707	4
3.711	0
3.716	0
3.720	2
3.725	2
3.729	2
3.734	0
3.738	1
3.743	2
3.747	0
3.752	0
3.756	1
3.761	0
3.765	3
3.770	1
3.774	1
3.779	1
3.783	1
3.788	1
3.792	0
3.797	0
3.801	2
3.805	2
3.810	1
3.814	0
3.819	0
3.823	3
3.828	0
3.832	1
3.837	0
3.841	0
3.846	2
3.850	0
3.855	0
3.859	2
3.864	2
3.868	1
3.873	3
3.877	0
3.882	0
3.886	1
3.891	0
3.895	0
3.900	1
3.904	0
3.908	0
3.913	0
3.917	0
3.922	1
3.926	1
3.931	0
3.935	2
3.940	2
3.944	2
3.949	3
3.953	4
3.958	3
3.962	3
3.967	0
3.971	5
3.976	1
3.980	1
3.985	0
3.989	2
3.994	2
3.998	2
4.003	2
4.007	2
4.012	3
4.016	0
4.020	0
4.025	1
4.029	0
4.034	1
4.038	2
4.043	1
4.047	4
4.052	0
4.056	0
4.061	0
4.065	1
4.070	3
4.074	0
4.079	0
4.083	1
4.088	2
4.092	0
4.097	2
4.101	1
4.106	3
4.110	1
4.115	1
4.119	0
4.123	0
4.128	2
4.132	1
4.137	3
4.141	1
4.146	3
4.150	0
4.155	1
4.159	4
4.164	3
4.168	1
4.173	1
4.177	4
4.182	1
4.186	0
4.191	2
4.195	2
4.200	4
4.204	1
4.209	1
4.213	3
4.218	2
4.222	0
4.226	0
4.231	3
4.235	2
4.240	1
4.244	3
4.249	1
4.253	1
4.258	1
4.262	2
4.267	0
4.271	2
4.276	0
4.280	2
4.285	6
4.289	2
4.294	2
4.298	1
4.303	3
4.307	4
4.312	0
4.316	3
4.321	5
4.325	0
4.330	2
4.334	0
4.338	3
4.343	2
4.347	2
4.352	1
4.356	1
4.361	0
4.365	1
4.370	5
4.374	2
4.379	1
4.383	1
4.388	0
4.392	3
4.397	1
4.401	4
4.406	2
4.410	1
4.415	1
4.419	0
4.424	2
4.428	4
4.433	0
4.437	3
4.441	3
4.446	3
4.450	3
4.455	5
4.459	2
4.464	2
4.468	0
4.473	3
4.477	3
4.482	4
4.486	3
4.491	1
4.495	3
4.500	0
4.504	2
4.509	2
4.513	1
4.518	2
4.522	2
4.527	2
4.531	4
4.536	2
4.540	3
4.545	0
4.549	4
4.553	3
4.558	3
4.562	4
4.567	4
4.571	5
4.576	0
4.580	6
4.585	5
4.589	14
4.594	29
4.598	39
4.603	43
4.607	49
4.612	59
4.616	48
4.621	41
4.625	19
4.630	13
4.634	4
4.639	6
4.643	0
4.648	2
4.652	3
4.656	4
4.661	3
4.665	2
4.670	2
4.674	4
4.679	2
4.683	7
4.688	4
4.692	1
4.697	3
4.701	8
4.706	5
4.710	7
4.715	5
4.719	3
4.724	8
4.728	6
4.733	7
4.737	14
4.742	10
4.746	16
4.751	18
4.755	30
4.759	24
4.764	44
4.768	82
4.773	173
4.777	284
4.782	465
4.786	660
4.791	782
4.795	779
4.800	642
4.804	504
4.809	288
4.813	144
4.818	48
4.822	18
4.827	9
4.831	6
4.836	1
4.840	3
4.845	2
4.849	1
4.854	0
4.858	1
4.863	1
4.867	2
4.871	1
4.876	2
4.880	0
4.885	0
4.889	2
4.894	0
4.898	0
4.903	2
4.907	0
4.912	0
4.916	1
4.921	0
4.925	2
4.930	1
4.934	3
4.939	0
4.943	0
4.948	0
4.952	0
4.957	2
4.961	0
4.966	3
4.970	0
4.974	1
4.979	1
4.983	0
4.988	2
4.992	2
4.997	2
5.001	3
5.006	1
5.010	1
5.015	0
5.019	1
5.024	2
5.028	2
5.033	1
5.037	0
5.042	0
5.046	0
5.051	5
5.055	1
5.060	1
5.064	0
5.069	1
5.073	1
5.078	0
5.082	1
5.086	0
5.091	1
5.095	3
5.100	1
5.104	2
5.109	0
5.113	1
5.118	3
5.122	1
5.127	1
5.131	0
5.136	2
5.140	1
5.145	3
5.149	1
5.154	2
5.158	4
5.163	2
5.167	1
5.172	2
5.176	6
5.181	3
5.185	1
5.189	4
5.194	5
5.198	4
5.203	3
5.207	4
5.212	6
5.216	2
5.221	2
5.225	5
5.230	3
5.234	3
5.239	5
5.243	8
5.248	9
5.252	7
5.257	9
5.261	10
5.266	17
5.270	23
5.275	28
5.279	26
5.284	37
5.288	60
5.292	56
5.297	90
5.301	131
5.306	200
5.310	193
5.315	192
5.319	178
5.324	150
5.328	92
5.333	61
5.337	31
5.342	9
5.346	7
5.351	2
5.355	2
5.360	3
5.364	1
5.369	2
5.373	4
5.378	4
5.382	0
5.387	3
5.391	2
5.396	2
5.400	4
5.404	1
5.409	2
5.413	3
5.418	3
5.422	5
5.427	4
5.431	2
5.436	8
5.440	8
5.445	4
5.449	5
5.454	8
5.458	12
5.463	12
5.467	24
5.472	30
5.476	71
5.481	104
5.485	152
5.490	223
5.494	301
5.499	326
5.503	301
5.507	237
5.512	165
5.516	78
5.521	60
5.525	26
5.530	9
5.534	5
5.539	2
5.543	1
5.548	1
5.552	2
5.557	1
5.561	0
5.566	1
5.570	2
5.575	1
5.579	2
5.584	0
5.588	2
5.593	0
5.597	0
5.602	0
5.606	1
5.611	0
5.615	0
5.619	1
5.624	0
5.628	1
5.633	2
5.637	0
5.642	0
5.646	0
5.651	0
5.655	0
5.660	0
5.664	0
5.669	1
5.673	2
5.678	0
5.682	0
5.687	4
5.691	1
5.696	1
5.700	3
5.705	2
5.709	2
5.714	1
5.718	2
5.722	3
5.727	0
5.731	0
5.736	3
5.740	0
5.745	0
5.749	1
5.754	1
5.758	0
5.763	1
5.767	0
5.772	0
5.776	1
5.781	1
5.785	3
5.790	0
5.794	2
5.799	2
5.803	2
5.808	0
5.812	2
5.817	3
5.821	2
5.825	2
5.830	1
5.834	0
5.839	3
5.843	0
5.848	1
5.852	1
5.857	5
5.861	2
5.866	3
5.870	2
5.875	3
5.879	1
5.884	3
5.888	2
5.893	2
5.897	3
5.902	0
5.906	12
5.911	2
5.915	4
5.920	5
5.924	5
5.929	3
5.933	6
5.937	11
5.942	12
5.946	12
5.951	10
5.955	16
5.960	16
5.964	26
5.969	26
5.973	28
5.978	47
5.982	54
5.987	79
5.991	126
5.996	146
6.000	223
6.005	263
6.009	295
6.014	298
6.018	299
6.023	244
6.027	155
6.032	85
6.036	53
6.040	27
6.045	10
6.049	2
6.054	2
6.058	0
6.063	1
6.067	0
6.072	0
6.076	1
6.081	0
6.085	0
6.090	1
6.094	0
6.099	0
6.103	0
6.108	1
6.112	1
6.117	0
6.121	0
6.126	0
6.130	0
6.135	0
6.139	1
6.144	0
6.148	0
6.152	1
6.157	0
6.161	1
6.166	0
6.170	1
6.175	0
6.179	0
6.184	0
6.188	0
6.193	0
6.197	0
6.202	1
6.206	0
6.211	0
6.215	1
6.220	0
6.224	0
6.229	0
6.233	0
6.238	1
6.242	0
6.247	1
6.251	1
6.255	0
6.260	0
6.264	0
6.269	0
6.273	0
6.278	0
6.282	0
6.287	0
6.291	0
6.296	0
6.300	0
6.305	0
6.309	0
6.314	0
6.318	0
6.323	1
6.327	1
6.332	1
6.336	0
6.341	0
6.345	0
6.350	0
6.354	0
6.359	0
6.363	0
6.367	0
6.372	0
6.376	0
6.381	0
6.385	1
6.390	0
6.394	0
6.399	0
6.403	0
6.408	0
6.412	0
6.417	1
6.421	0
6.426	0
6.430	1
6.435	0
6.439	0
6.444	0
6.448	0
6.453	0
6.457	1
6.462	0
6.466	1
6.470	2
6.475	0
6.479	0
6.484	0
6.488	0
6.493	0
6.497	0
6.502	0
6.506	3
6.511	0
6.515	0
6.520	0
6.524	0
6.529	0
6.533	0
6.538	0
6.542	0
6.547	0
6.551	0
6.556	0
6.560	1
6.565	0
6.569	1
6.573	0
6.578	0
6.582	0
6.587	0
6.591	0
6.596	1
6.600	0
6.605	0
6.609	0
6.614	0
6.618	1
6.623	0
6.627	0
6.632	0
6.636	0
6.641	0
6.645	0
6.650	0
6.654	0
6.659	0
6.663	0
6.668	0
6.672	0
6.677	0
6.681	0
6.685	2
6.690	0
6.694	0
6.699	0
6.703	0
6.708	1
6.712	0
6.717	0
6.721	1
6.726	0
6.730	0
6.735	0
6.739	1
6.744	0
6.748	1
6.753	0
6.757	0
6.762	0
6.766	1
6.771	0
6.775	0
6.780	0
6.784	0
6.788	0
6.793	0
6.797	1
6.802	0
6.806	0
6.811	0
6.815	0
6.820	0
6.824	1
6.829	0
6.833	0
6.838	0
6.842	0
6.847	0
6.851	0
6.856	0
6.860	0
6.865	0
6.869	0
6.874	1
6.878	0
6.883	1
6.887	0
6.892	0
6.896	0
6.900	0
6.905	1
6.909	1
6.914	1
6.918	0
6.923	0
6.927	0
6.932	0
6.936	0
6.941	0
6.945	0
6.950	0
6.954	0
6.959	0
6.963	1
6.968	0
6.972	0
6.977	0
6.981	0
6.986	0
6.990	2
6.995	1
6.999	0
7.003	1
7.008	0
7.012	0
7.017	0
7.021	0
7.026	0
7.030	1
7.035	0
7.039	1
7.044	1
7.048	0
7.053	1
7.057	0
7.062	0
7.066	0
7.071	1
7.075	2
7.080	0
7.084	3
7.089	0
7.093	1
7.098	0
7.102	2
7.106	1
7.111	0
7.115	0
7.120	0
7.124	0
7.129	0
7.133	1
7.138	0
7.142	1
7.147	1
7.151	1
7.156	0
7.160	2
7.165	1
7.169	0
7.174	1
7.178	0
7.183	1
7.187	0
7.192	0
7.196	0
7.201	1
7.205	0
7.210	0
7.214	0
7.218	0
7.223	0
7.227	0
7.232	0
7.236	0
7.241	0
7.245	1
7.250	1
7.254	0
7.259	0
7.263	1
7.268	0
7.272	1
7.277	0
7.281	0
7.286	0
7.290	0
7.295	0
7.299	1
7.304	2
7.308	0
7.313	1
7.317	0
7.321	0
7.326	1
7.330	1
7.335	1
7.339	0
7.344	1
7.348	0
7.353	0
7.357	1
7.362	1
7.366	0
7.371	1
7.375	0
7.380	0
7.384	1
7.389	0
7.393	0
7.398	0
7.402	0
7.407	0
7.411	0
7.416	0
7.420	1
7.425	0
7.429	0
7.433	1
7.438	1
7.442	1
7.447	0
7.451	0
7.456	0
7.460	1
7.465	1
7.469	1
7.474	0
7.478	0
7.483	0
7.487	2
7.492	1
7.496	0
7.501	1
7.505	1
7.510	1
7.514	0
7.519	1
7.523	7
7.528	0
7.532	1
7.536	2
7.541	0
7.545	1
7.550	2
7.554	1
7.559	1
7.563	1
7.568	0
7.572	2
7.577	1
7.581	1
7.586	2
7.590	1
7.595	3
7.599	0
7.604	1
7.608	3
7.613	2
7.617	4
7.622	3
7.626	4
7.631	5
7.635	5
7.639	4
7.644	8
7.648	2
7.653	13
7.657	7
7.662	12
7.666	23
7.671	32
7.675	54
7.680	99
7.684	144
7.689	176
7.693	211
7.698	257
7.702	247
7.707	230
7.711	192
7.716	158
7.720	88
7.725	70
7.729	42
7.734	17
7.738	8
7.743	2
7.747	2
7.751	2
7.756	0
7.760	0
7.765	0
7.769	0
7.774	0
7.778	0
7.783	0
7.787	0
7.792	0
7.796	0
7.801	0
7.805	0
7.810	0
7.814	0
7.819	0
7.823	0
7.828	0
7.832	0
7.837	0
7.841	0
7.846	0
7.850	0
7.854	0
7.859	0
7.863	0
7.868	0
7.872	0
7.877	0
7.881	0
7.886	0
7.890	0
7.895	0
7.899	0
7.904	0
7.908	0
7.913	0
7.917	0
7.922	0
7.926	0
7.931	0
7.935	0
7.940	0
7.944	0
7.949	0
7.953	0
7.958	0
7.962	0
7.966	0
7.971	0
7.975	0
7.980	0
7.984	0
7.989	0
7.993	0
7.998	0
8.002	0
8.007	0
8.011	0
8.016	0
8.020	0
8.025	0
8.029	0
8.034	0
8.038	0
8.043	0
8.047	0
8.052	0
8.056	0
8.061	0
8.065	0
8.069	0
8.074	0
8.078	0
8.083	0
8.087	0
8.092	0
8.096	0
8.101	0
8.105	0
8.110	0
8.114	0
8.119	0
8.123	0
8.128	0
8.132	0
8.137	0
8.141	0
8.146	0
8.150	0
8.155	0
8.159	0
8.164	0
8.168	0
8.172	0
8.177	0
8.181	0
8.186	0
8.190	0
8.195	0
8.199	0
8.204	0
8.208	0
8.213	0
8.217	0
8.222	0
8.226	0
8.231	0
8.235	0
8.240	0
8.244	0
8.249	0
8.253	0
8.258	0
8.262	0
8.267	0
8.271	0
8.276	0
8.280	0
8.284	0
8.289	0
8.293	0
8.298	0
8.302	0
8.307	0
8.311	0
8.316	0
8.320	0
8.325	0
8.329	0
8.334	0
8.338	0
8.343	0
8.347	0
8.352	0
8.356	0
8.361	0
8.365	0
8.370	0
8.374	0
8.379	0
8.383	0
8.387	0
8.392	0
8.396	0
8.401	0
8.405	0
8.410	0
8.414	0
8.419	0
8.423	0
8.428	0
8.432	0
8.437	0
8.441	0
8.446	0
8.450	0
8.455	0
8.459	0
8.464	0
8.468	0
8.473	0
8.477	0
8.482	0
8.486	0
8.491	0
8.495	0
8.499	0
8.504	0
8.508	0
8.513	0
8.517	0
8.522	0
8.526	0
8.531	0
8.535	0
8.540	0
8.544	0
8.549	0
8.553	0
8.558	0
8.562	0
8.567	0
8.571	0
8.576	0
8.580	0
8.585	0
8.589	0
8.594	0
8.598	0
8.602	0
8.607	0
8.611	0
8.616	0
8.620	0
8.625	0
8.629	0
8.634	0
8.638	0
8.643	0
8.647	0
8.652	0
8.656	0
8.661	0
8.665	0
8.670	0
8.674	0
8.679	0
8.683	0
8.688	0
8.692	0
8.697	0
8.701	0
8.705	0
8.710	0
8.714	0
8.719	0
8.723	0
8.728	0
8.732	0
8.737	0
8.741	0
8.746	0
8.750	0
8.755	0
8.759	0
8.764	0
8.768	0
8.773	0
8.777	0
8.782	0
8.786	0
8.791	0
8.795	0
8.800	0
8.804	0
8.809	0
8.813	0
8.817	0
8.822	0
8.826	0
8.831	0
8.835	0
8.840	0
8.844	0
8.849	0
8.853	0
8.858	0
8.862	0
8.867	0
8.871	0
8.876	0
8.880	0
8.885	0
8.889	0
8.894	0
8.898	0
8.903	0
8.907	0
8.912	0
8.916	0
8.920	0
8.925	0
8.929	0
8.934	0
8.938	0
8.943	0
8.947	0
8.952	0
8.956	0
8.961	0
8.965	0
8.970	0
8.974	0
8.979	0
8.983	0
8.988	0
8.992	0
8.997	0
9.001	0
9.006	0
9.010	0
9.015	0
9.019	0
9.024	0
9.028	0
9.032	0
9.037	0
9.041	0
9.046	0
9.050	0
9.055	0
9.059	0
9.064	0
9.068	0
9.073	0
9.077	0
9.082	0
9.086	0
9.091	0
9.095	0
9.100	0
9.104	0
9.109	0
9.113	0
9.118	0
9.122	0
9.127	0
9.131	0
9.135	0
9.140	0
9.144	0
9.149	0
9.153	0
9.158	0
9.162	0
9.167	0
9.171	0