4.50900
4.51000
4.51100
4.51200
4.51300
4.51400
4.51500
4.51600
4.51700
4.51800
4.51900
4.52000
4.52100
4.52200
4.52300
4.52400
4.52500
4.52600
4.52700
4.52800
4.52900
4.53000
4.53100
4.53200
4.53300
4.53400
4.53500
4.53600
4.53700
4.53800
4.53900
4.54000
4.54100
4.54200
4.54300
4.54400
4.54500
4.54600
4.54700
4.54800
4.54900
4.55000
4.55100
4.55200
4.55300
4.55400
4.55500
4.55600
4.55700
4.55800
4.55900
4.56000
4.56100
4.56200
4.56300
4.56400
4.56500
4.56600
4.56700
4.56800
4.56900
4.57000
4.57100
4.57200
4.57300
4.57400
4.57500
4.57600
4.57700
4.57800
4.57900
4.58000
4.58100
4.58200
4.58300
4.58400
4.58500
4.58600
4.58700
4.58800
4.58900
4.59000
4.59100
4.59200
4.59300
4.59400
4.59500
4.59600
4.59700
4.59800
4.59900
4.60000
4.60100
4.60200
4.60300
4.60400
4.60500
4.60600
4.60700
4.60800
4.60900
4.61000
4.61100
4.61200
4.61300
4.61400
4.61500
4.61600
4.61700
4.61800
4.61900
4.62000
4.62100
4.62200
4.62300
4.62400
4.62500
4.62600
4.62700
4.62800
4.62900
4.63000
4.63100
4.63200
4.63300
4.63400
4.63500
4.63600
4.63700
4.63800
4.63900
4.64000
4.64100
4.64200
4.64300
4.64400
4.64500
4.64600
4.64700
4.64800
4.64900
4.65000
4.65100
4.65200
4.65300
4.65400
4.65500
4.65600
4.65700
4.65800
4.65900
4.66000
4.66100
4.66200
4.66300
4.66400
4.66500
4.66600
4.66700
4.66800
4.66900
4.67000
4.67100
4.67200
4.67300
4.67400
4.67500
4.67600
4.67700
4.67800
4.67900
4.68000
4.68100
4.68200
4.68300
4.68400
4.68500
4.68600
4.68700
4.68800
4.68900
4.69000
4.69100
4.69200
4.69300
4.69400
4.69500
4.69600
4.69700
4.69800
4.69900
4.70000
4.70100
4.70200
4.70300
4.70400
4.70500
4.70600
4.70700
4.70800
4.70900
4.71000
4.71100
4.71200
4.71300
4.71400
4.71500
4.71600
4.71700
4.71800
4.71900
4.72000
4.72100
4.72200
4.72300
4.72400
4.72500
4.72600
4.72700
4.72800
4.72900
4.73000
4.73100
4.73200
4.73300
4.73400
4.73500
4.73600
4.73700
4.73800
4.73900
4.74000
4.74100
4.74200
4.74300
4.74400
4.74500
4.74600
4.74700
4.74800
4.74900
4.75000
4.75100
4.75200
4.75300
4.75400
4.75500
4.75600
4.75700
4.75800
4.75900
4.76000
4.76100
4.76200
4.76300
4.76400
4.76500
4.76600
4.76700
4.76800
4.76900
4.77000
4.77100
4.77200
4.77300
4.77400
4.77500
4.77600
4.77700
4.77800
4.77900
4.78000
4.78100
4.78200
4.78300
4.78400
