0.004	0
0.009	0
0.013	0
0.018	0
0.022	0
0.027	0
0.031	0
0.036	0
0.040	0
0.045	4
0.049	154
0.054	234
0.058	246
0.063	282
0.067	269
0.072	235
0.076	186
0.080	182
0.085	156
0.089	155
0.094	169
0.098	135
0.103	143
0.107	127
0.112	127
0.116	119
0.121	129
0.125	118
0.130	109
0.134	118
0.139	121
0.143	111
0.148	108
0.152	110
0.157	93
0.161	83
0.165	92
0.170	93
0.174	85
0.179	83
0.183	81
0.188	76
0.192	84
0.197	70
0.201	48
0.206	49
0.210	56
0.215	55
0.219	55
0.224	49
0.228	35
0.233	36
0.237	32
0.241	30
0.246	41
0.250	39
0.255	33
0.259	35
0.264	24
0.268	21
0.273	24
0.277	24
0.282	21
0.286	23
0.291	13
0.295	13
0.300	7
0.304	20
0.309	11
0.313	14
0.318	15
0.322	6
0.326	11
0.331	8
0.335	12
0.340	11
0.344	5
0.349	9
0.353	6
0.358	4
0.362	6
0.367	5
0.371	6
0.376	2
0.380	11
0.385	7
0.389	5
0.394	1
0.398	3
0.402	7
0.407	4
0.411	3
0.416	2
0.420	1
0.425	2
0.429	3
0.434	4
0.438	0
0.443	2
0.447	4
0.452	1
0.456	3
0.461	0
0.465	0
0.470	3
0.474	2
0.479	0
0.483	1
0.487	2
0.492	1
0.496	1
0.501	1
0.505	1
0.510	3
0.514	0
0.519	0
0.523	1
0.528	0
0.532	0
0.537	0
0.541	0
0.546	0
0.550	0
0.555	1
0.559	0
0.563	0
0.568	0
0.572	0
0.577	1
0.581	0
0.586	0
0.590	0
0.595	0
0.599	0
0.604	0
0.608	0
0.613	0
0.617	0
0.622	0
0.626	1
0.631	0
0.635	0
0.639	1
0.644	1
0.648	0
0.653	0
0.657	0
0.662	1
0.666	0
0.671	0
0.675	1
0.680	0
0.684	0
0.689	0
0.693	0
0.698	0
0.702	1
0.707	0
0.711	0
0.716	0
0.720	0
0.724	0
0.729	0
0.733	0
0.738	0
0.742	1
0.747	0
0.751	0
0.756	1
0.760	0
0.765	1
0.769	0
0.774	1
0.778	0
0.783	0
0.787	2
0.792	1
0.796	0
0.800	0
0.805	0
0.809	0
0.814	0
0.818	0
0.823	0
0.827	0
0.832	0
0.836	0
0.841	0
0.845	0
0.850	0
0.854	0
0.859	1
0.863	0
0.868	0
0.872	0
0.877	0
0.881	0
0.885	0
0.890	0
0.894	0
0.899	0
0.903	1
0.908	1
0.912	0
0.917	0
0.921	0
0.926	0
0.930	0
0.935	0
0.939	0
0.944	0
0.948	0
0.953	0
0.957	1
0.961	0
0.966	0
0.970	0
0.975	0
0.979	0
0.984	0
0.988	0
0.993	0
0.997	0
1.002	0
1.006	1
1.011	0
1.015	1
1.020	0
1.024	1
1.029	0
1.033	0
1.038	0
1.042	0
1.046	1
1.051	0
1.055	0
1.060	0
1.064	0
1.069	0
1.073	0
1.078	0
1.082	0
1.087	0
1.091	0
1.096	0
1.100	0
1.105	1
1.109	0
1.114	0
1.118	0
1.122	0
1.127	0
1.131	0
1.136	1
1.140	0
1.145	0
1.149	1
1.154	1
1.158	0
1.163	0
1.167	0
1.172	1
1.176	1
1.181	0
1.185	0
1.190	0
1.194	0
1.198	1
1.203	0
1.207	1
1.212	0
1.216	0
1.221	0
1.225	1
1.230	1
1.234	0
1.239	1
1.243	0
1.248	0
1.252	0
1.257	0
1.261	0
1.266	0
1.270	0
1.275	1
1.279	0
1.283	0
1.288	1
1.292	2
1.297	0
1.301	1
1.306	0
1.310	0
1.315	0
1.319	0
1.324	0
1.328	0
1.333	0
1.337	0
1.342	0
1.346	0
1.351	1
1.355	0
1.359	0
1.364	1
1.368	0
1.373	0
1.377	0
1.382	1
1.386	0
1.391	0
1.395	1
1.400	1
1.404	0
1.409	0
1.413	0
1.418	1
1.422	0
1.427	0
1.431	0
1.436	0
1.440	1
1.444	1
1.449	0
1.453	1
1.458	0
1.462	0
1.467	1
1.471	0
1.476	0
1.480	0
1.485	0
1.489	2
1.494	0
1.498	1
1.503	0
1.507	1
1.512	0
1.516	0
1.520	0
1.525	0
1.529	0
1.534	0
1.538	0
1.543	0
1.547	0
1.552	0
1.556	0
1.561	0
1.565	1
1.570	1
1.574	0
1.579	0
1.583	0
1.588	0
1.592	0
1.597	1
1.601	1
1.605	0
1.610	0
1.614	0
1.619	0
1.623	1
1.628	1
1.632	0
1.637	0
1.641	0
1.646	0
1.650	0
1.655	1
1.659	1
1.664	0
1.668	1
1.673	0
1.677	0
1.681	1
1.686	0
1.690	0
1.695	1
1.699	0
1.704	1
1.708	0
1.713	0
1.717	1
1.722	0
1.726	0
1.731	0
1.735	0
1.740	0
1.744	0
1.749	0
1.753	0
1.757	1
1.762	1
1.766	0
1.771	0
1.775	0
1.780	0
1.784	1
1.789	0
1.793	0
1.798	0
1.802	0
1.807	0
1.811	0
1.816	2
1.820	0
1.825	0
1.829	0
1.834	0
1.838	0
1.842	0
1.847	0
1.851	0
1.856	0
1.860	0
1.865	0
1.869	0
1.874	0
1.878	1
1.883	0
1.887	1
1.892	0
1.896	0
1.901	0
1.905	0
1.910	0
1.914	1
1.918	0
1.923	0
1.927	0
1.932	0
1.936	0
1.941	0
1.945	2
1.950	0
1.954	0
1.959	0
1.963	1
1.968	0
1.972	0
1.977	0
1.981	1
1.986	0
1.990	0
1.995	0
1.999	0
2.003	0
2.008	2
2.012	0
2.017	0
2.021	0
2.026	1
2.030	0
2.035	1
2.039	0
2.044	2
2.048	0
2.053	2
2.057	0
2.062	2
2.066	0
2.071	0
2.075	0
2.079	0
2.084	0
2.088	1
2.093	0
2.097	1
2.102	1
2.106	1
2.111	0
2.115	1
2.120	0
2.124	0
2.129	0
2.133	0
2.138	0
2.142	0
2.147	0
2.151	0
2.156	0
2.160	1
2.164	1
2.169	0
2.173	1
2.178	0
2.182	1
2.187	1
2.191	0
2.196	0
2.200	0
2.205	0
2.209	1
2.214	0
2.218	0
2.223	0
2.227	0
2.232	0
2.236	0
2.240	1
2.245	0
2.249	0
2.254	0
2.258	2
2.263	0
2.267	1
2.272	2
2.276	0
2.281	0
2.285	1
2.290	0
2.294	0
2.299	0
2.303	0
2.308	1
2.312	1
2.316	1
2.321	0
2.325	0
2.330	0
2.334	1
2.339	0
2.343	0
2.348	1
2.352	1
2.357	0
2.361	0
2.366	0
2.370	0
2.375	0
2.379	0
2.384	0
2.388	0
2.393	1
2.397	0
2.401	2
2.406	0
2.410	0
2.415	0
2.419	0
2.424	0
2.428	0
2.433	1
2.437	0
2.442	1
2.446	0
2.451	0
2.455	0
2.460	0
2.464	1
2.469	0
2.473	1
2.477	0
2.482	0
2.486	0
2.491	1
2.495	0
2.500	0
2.504	1
2.509	0
2.513	0
2.518	0
2.522	1
2.527	0
2.531	1
2.536	1
2.540	0
2.545	1
2.549	0
2.554	0
2.558	1
2.562	2
2.567	0
2.571	0
2.576	0
2.580	0
2.585	1
2.589	1
2.594	0
2.598	1
2.603	1
2.607	0
2.612	1
2.616	0
2.621	1
2.625	0
2.630	0
2.634	0
2.638	0
2.643	0
2.647	0
2.652	0
2.656	1
2.661	0
2.665	0
2.670	0
2.674	0
2.679	0
2.683	0
2.688	0
2.692	0
2.697	1
2.701	2
2.706	1
2.710	1
2.715	0
2.719	0
2.723	1
2.728	1
2.732	0
2.737	0
2.741	1
2.746	1
2.750	5
2.755	1
2.759	0
2.764	1
2.768	1
2.773	1
2.777	2
2.782	0
2.786	1
2.791	2
2.795	0
2.799	0
2.804	0
2.808	0
2.813	1
2.817	0
2.822	1
2.826	1
2.831	3
2.835	1
2.840	0
2.844	0
2.849	0
2.853	0
2.858	0
2.862	0
2.867	0
2.871	2
2.875	0
2.880	0
2.884	0
2.889	0
2.893	0
2.898	0
2.902	0
2.907	1
2.911	0
2.916	0
2.920	0
2.925	0
2.929	0
2.934	0
2.938	0
2.943	0
2.947	1
2.952	0
2.956	0
2.960	0
2.965	0
2.969	1
2.974	0
2.978	1
2.983	0
2.987	0
2.992	2
2.996	2
3.001	0
3.005	1
3.010	0
3.014	1
3.019	0
3.023	0
3.028	0
3.032	1
3.036	1
3.041	0
3.045	0
3.050	0
3.054	1
3.059	0
3.063	0
3.068	0
3.072	1
3.077	0
3.081	2
3.086	2
3.090	0
3.095	0
3.099	1
3.104	2
3.108	1
3.113	1
3.117	0
3.121	0
3.126	0
3.130	0
3.135	1
3.139	0
3.144	0
3.148	1
3.153	0
3.157	0
3.162	0
3.166	0
3.171	0
3.175	2
3.180	1
3.184	1
3.189	1
3.193	0
3.197	0
3.202	0
3.206	1
3.211	0
3.215	0
3.220	0
3.224	0
3.229	0
3.233	0
3.238	2
3.242	0
3.247	0
3.251	1
3.256	1
3.260	0
3.265	1
3.269	1
3.274	1
3.278	1
3.282	0
3.287	0
3.291	0
3.296	0
3.300	0
3.305	1
3.309	1
3.314	1
3.318	0
3.323	0
3.327	0
3.332	1
3.336	1
3.341	0
3.345	0
3.350	0
3.354	0
3.358	1
3.363	1
3.367	0
3.372	1
3.376	0
3.381	0
3.385	2
3.390	0
3.394	0
3.399	0
3.403	0
3.408	0
3.412	2
3.417	1
3.421	1
3.426	1
3.430	1
3.434	0
3.439	1
3.443	0
3.448	0
3.452	1
3.457	1
3.461	0
3.466	0
3.470	0
3.475	0
3.479	2
3.484	0
3.488	0
3.493	3
3.497	1
3.502	2
3.506	0
3.511	0
3.515	0
3.519	0
3.524	0
3.528	1
3.533	0
3.537	1
3.542	0
3.546	1
3.551	1
3.555	0
3.560	0
3.564	2
3.569	2
3.573	1
3.578	1
3.582	0
3.587	1
3.591	0
3.595	1
3.600	1
3.604	1
3.609	0
3.613	0
3.618	1
3.622	0
3.627	1
3.631	0
3.636	1
3.640	3
3.645	1
3.649	1
3.654	1
3.658	0
3.663	0
3.667	0
3.672	1
3.676	0
3.680	1
3.685	0
3.689	2
3.694	1
3.698	0
3.703	2
3.707	0
3.712	0
3.716	1
3.721	3
3.725	0
3.730	0
3.734	0
3.739	1
3.743	0
3.748	0
3.752	3
3.756	0
3.761	0
3.765	1
3.770	1
3.774	0
3.779	0
3.783	1
3.788	1
3.792	1
3.797	0
3.801	2
3.806	1
3.810	0
3.815	1
3.819	1
3.824	2
3.828	1
3.833	0
3.837	1
3.841	1
3.846	0
3.850	0
3.855	1
3.859	0
3.864	1
3.868	0
3.873	0
3.877	1
3.882	0
3.886	1
3.891	1
3.895	0
3.900	2
3.904	1
3.909	0
3.913	1
3.917	0
3.922	1
3.926	1
3.931	1
3.935	1
3.940	1
3.944	0
3.949	2
3.953	1
3.958	1
3.962	0
3.967	1
3.971	1
3.976	1
3.980	0
3.985	1
3.989	0
3.993	1
3.998	1
4.002	0
4.007	3
4.011	3
4.016	0
4.020	0
4.025	3
4.029	1
4.034	2
4.038	2
4.043	1
4.047	0
4.052	1
4.056	2
4.061	0
4.065	2
4.070	0
4.074	1
4.078	0
4.083	3
4.087	1
4.092	0
4.096	2
4.101	0
4.105	0
4.110	0
4.114	3
4.119	0
4.123	0
4.128	0
4.132	0
4.137	1
4.141	0
4.146	0
4.150	0
4.154	1
4.159	0
4.163	0
4.168	0
4.172	2
4.177	1
4.181	1
4.186	2
4.190	0
4.195	4
4.199	2
4.204	0
4.208	1
4.213	2
4.217	1
4.222	1
4.226	0
4.231	1
4.235	1
4.239	2
4.244	0
4.248	2
4.253	0
4.257	0
4.262	2
4.266	1
4.271	0
4.275	0
4.280	2
4.284	3
4.289	0
4.293	1
4.298	0
4.302	0
4.307	0
4.311	0
4.315	1
4.320	2
4.324	2
4.329	0
4.333	0
4.338	2
4.342	0
4.347	1
4.351	0
4.356	0
4.360	2
4.365	0
4.369	3
4.374	1
4.378	0
4.383	2
4.387	0
4.392	3
4.396	2
4.400	1
4.405	3
4.409	2
4.414	2
4.418	4
4.423	0
4.427	1
4.432	1
4.436	0
4.441	0
4.445	4
4.450	1
4.454	1
4.459	0
4.463	0
4.468	1
4.472	0
4.476	1
4.481	1
4.485	1
4.490	1
4.494	1
4.499	0
4.503	0
4.508	2
4.512	2
4.517	1
4.521	2
4.526	0
4.530	3
4.535	3
4.539	1
4.544	3
4.548	1
4.552	1
4.557	0
4.561	2
4.566	3
4.570	4
4.575	3
4.579	3
4.584	13
4.588	8
4.593	23
4.597	28
4.602	37
4.606	27
4.611	25
4.615	14
4.620	11
4.624	4
4.629	4
4.633	2
4.637	1
4.642	1
4.646	3
4.651	2
4.655	2
4.660	5
4.664	2
4.669	4
4.673	3
4.678	4
4.682	1
4.687	2
4.691	2
4.696	1
4.700	2
4.705	5
4.709	3
4.713	7
4.718	1
4.722	4
4.727	3
4.731	6
4.736	5
4.740	6
4.745	6
4.749	12
4.754	21
4.758	35
4.763	80
4.767	101
4.772	210
4.776	360
4.781	433
4.785	456
4.790	390
4.794	309
4.798	209
4.803	105
4.807	51
4.812	12
4.816	7
4.821	1
4.825	0
4.830	0
4.834	1
4.839	1
4.843	3
4.848	1
4.852	1
4.857	0
4.861	1
4.866	0
4.870	0
4.874	0
4.879	0
4.883	2
4.888	1
4.892	2
4.897	0
4.901	1
4.906	0
4.910	1
4.915	0
4.919	1
4.924	0
4.928	1
4.933	2
4.937	0
4.942	1
4.946	1
4.951	1
4.955	0
4.959	0
4.964	1
4.968	1
4.973	0
4.977	1
4.982	1
4.986	0
4.991	0
4.995	0
5.000	0
5.004	1
5.009	0
5.013	1
5.018	0
5.022	1
5.027	1
5.031	1
5.035	0
5.040	1
5.044	0
5.049	2
5.053	0
5.058	0
5.062	0
5.067	1
5.071	1
5.076	0
5.080	1
5.085	0
5.089	0
5.094	3
5.098	0
5.103	1
5.107	2
5.111	2
5.116	1
5.120	1
5.125	0
5.129	1
5.134	0
5.138	1
5.143	1
5.147	1
5.152	0
5.156	0
5.161	1
5.165	1
5.170	3
5.174	5
5.179	1
5.183	3
5.188	2
5.192	2
5.196	4
5.201	2
5.205	2
5.210	2
5.214	1
5.219	4
5.223	1
5.228	1
5.232	4
5.237	1
5.241	5
5.246	11
5.250	10
5.255	5
5.259	15
5.264	17
5.268	14
5.272	26
5.277	31
5.281	40
5.286	46
5.290	56
5.295	85
5.299	105
5.304	119
5.308	100
5.313	99
5.317	65
5.322	40
5.326	15
5.331	6
5.335	5
5.340	2
5.344	1
5.349	1
5.353	2
5.357	0
5.362	4
5.366	0
5.371	1
5.375	0
5.380	0
5.384	1
5.389	0
5.393	0
5.398	0
5.402	0
5.407	1
5.411	2
5.416	4
5.420	4
5.425	2
5.429	3
5.433	4
5.438	4
5.442	1
5.447	5
5.451	5
5.456	7
5.460	15
5.465	33
5.469	48
5.474	74
5.478	120
5.483	145
5.487	194
5.492	194
5.496	167
5.501	121
5.505	53
5.510	29
5.514	19
5.518	4
5.523	1
5.527	2
5.532	0
5.536	1
5.541	1
5.545	1
5.550	0
5.554	1
5.559	1
5.563	0
5.568	1
5.572	1
5.577	1
5.581	1
5.586	2
5.590	0
5.594	0
5.599	0
5.603	0
5.608	0
5.612	1
5.617	0
5.621	0
5.626	1
5.630	2
5.635	0
5.639	1
5.644	1
5.648	1
5.653	1
5.657	0
5.662	0
5.666	0
5.670	0
5.675	1
5.679	1
5.684	1
5.688	2
5.693	0
5.697	0
5.702	0
5.706	2
5.711	1
5.715	0
5.720	0
5.724	1
5.729	2
5.733	0
5.738	0
5.742	0
5.747	1
5.751	2
5.755	0
5.760	3
5.764	2
5.769	0
5.773	1
5.778	1
5.782	1
5.787	0
5.791	0
5.796	0
5.800	1
5.805	1
5.809	0
5.814	2
5.818	1
5.823	1
5.827	0
5.831	1
5.836	1
5.840	1
5.845	3
5.849	1
5.854	4
5.858	1
5.863	0
5.867	1
5.872	2
5.876	1
5.881	6
5.885	2
5.890	1
5.894	3
5.899	2
5.903	4
5.908	2
5.912	1
5.916	2
5.921	4
5.925	5
5.930	5
5.934	2
5.939	9
5.943	8
5.948	7
5.952	9
5.957	6
5.961	12
5.966	20
5.970	27
5.975	36
5.979	49
5.984	77
5.988	121
5.992	137
5.997	174
6.001	174
6.006	179
6.010	163
6.015	94
6.019	71
6.024	39
6.028	7
6.033	4
6.037	0
6.042	0
6.046	1
6.051	0
6.055	1
6.060	0
6.064	0
6.069	0
6.073	1
6.077	0
6.082	0
6.086	0
6.091	0
6.095	0
6.100	0
6.104	0
6.109	0
6.113	0
6.118	0
6.122	0
6.127	0
6.131	0
6.136	0
6.140	0
6.145	0
6.149	0
6.153	0
6.158	0
6.162	0
6.167	0
6.171	0
6.176	0
6.180	0
6.185	0
6.189	0
6.194	0
6.198	0
6.203	0
6.207	1
6.212	0
6.216	0
6.221	1
6.225	0
6.229	0
6.234	1
6.238	0
6.243	0
6.247	0
6.252	0
6.256	1
6.261	0
6.265	0
6.270	0
6.274	0
6.279	0
6.283	0
6.288	0
6.292	0
6.297	0
6.301	0
6.306	0
6.310	0
6.314	0
6.319	0
6.323	0
6.328	1
6.332	0
6.337	0
6.341	0
6.346	0
6.350	0
6.355	0
6.359	0
6.364	0
6.368	0
6.373	0
6.377	0
6.382	0
6.386	0
6.390	0
6.395	1
6.399	0
6.404	0
6.408	0
6.413	0
6.417	0
6.422	0
6.426	0
6.431	0
6.435	0
6.440	0
6.444	0
6.449	0
6.453	0
6.458	1
6.462	0
6.467	0
6.471	0
6.475	0
6.480	0
6.484	0
6.489	0
6.493	0
6.498	0
6.502	0
6.507	0
6.511	0
6.516	0
6.520	0
6.525	0
6.529	0
6.534	0
6.538	0
6.543	0
6.547	0
6.551	0
6.556	0
6.560	0
6.565	0
6.569	0
6.574	0
6.578	0
6.583	0
6.587	0
6.592	0
6.596	1
6.601	0
6.605	0
6.610	0
6.614	0
6.619	0
6.623	0
6.628	0
6.632	0
6.636	0
6.641	0
6.645	0
6.650	1
6.654	1
6.659	0
6.663	1
6.668	0
6.672	1
6.677	0
6.681	0
6.686	0
6.690	0
6.695	1
6.699	0
6.704	0
6.708	0
6.712	0
6.717	0
6.721	1
6.726	0
6.730	0
6.735	0
6.739	0
6.744	0
6.748	0
6.753	0
6.757	0
6.762	1
6.766	1
6.771	1
6.775	0
6.780	0
6.784	0
6.788	0
6.793	0
6.797	0
6.802	1
6.806	0
6.811	0
6.815	0
6.820	0
6.824	0
6.829	0
6.833	0
6.838	0
6.842	0
6.847	0
6.851	0
6.856	0
6.860	1
6.865	0
6.869	0
6.873	0
6.878	0
6.882	0
6.887	0
6.891	1
6.896	0
6.900	0
6.905	1
6.909	0
6.914	0
6.918	0
6.923	0
6.927	0
6.932	1
6.936	0
6.941	0
6.945	0
6.949	0
6.954	2
6.958	1
6.963	1
6.967	0
6.972	0
6.976	0
6.981	1
6.985	0
6.990	0
6.994	1
6.999	0
7.003	0
7.008	0
7.012	0
7.017	1
7.021	1
7.026	0
7.030	0
7.034	0
7.039	1
7.043	1
7.048	0
7.052	0
7.057	1
7.061	0
7.066	0
7.070	0
7.075	0
7.079	1
7.084	1
7.088	0
7.093	0
7.097	1
7.102	0
7.106	1
7.110	0
7.115	1
7.119	0
7.124	0
7.128	0
7.133	0
7.137	1
7.142	0
7.146	0
7.151	0
7.155	0
7.160	0
7.164	0
7.169	0
7.173	1
7.178	0
7.182	1
7.187	0
7.191	1
7.195	0
7.200	0
7.204	1
7.209	0
7.213	0
7.218	0
7.222	0
7.227	0
7.231	0
7.236	0
7.240	0
7.245	1
7.249	0
7.254	0
7.258	0
7.263	0
7.267	0
7.271	0
7.276	0
7.280	0
7.285	0
7.289	0
7.294	0
7.298	0
7.303	1
7.307	0
7.312	0
7.316	0
7.321	0
7.325	0
7.330	0
7.334	1
7.339	0
7.343	0
7.347	1
7.352	0
7.356	0
7.361	1
7.365	0
7.370	0
7.374	0
7.379	0
7.383	1
7.388	0
7.392	0
7.397	0
7.401	0
7.406	1
7.410	1
7.415	0
7.419	3
7.424	0
7.428	1
7.432	0
7.437	0
7.441	0
7.446	0
7.450	0
7.455	1
7.459	2
7.464	0
7.468	0
7.473	1
7.477	0
7.482	1
7.486	0
7.491	0
7.495	0
7.500	0
7.504	0
7.508	2
7.513	1
7.517	1
7.522	1
7.526	2
7.531	1
7.535	1
7.540	0
7.544	0
7.549	0
7.553	0
7.558	0
7.562	1
7.567	1
7.571	2
7.576	0
7.580	1
7.585	1
7.589	2
7.593	1
7.598	3
7.602	1
7.607	1
7.611	0
7.616	1
7.620	1
7.625	5
7.629	4
7.634	2
7.638	6
7.643	8
7.647	10
7.652	20
7.656	18
7.661	29
7.665	33
7.669	66
7.674	86
7.678	116
7.683	134
7.687	159
7.692	142
7.696	125
7.701	109
7.705	46
7.710	31
7.714	22
7.719	5
7.723	3
7.728	2
7.732	0
7.737	1
7.741	0
7.746	0
7.750	0
7.754	0
7.759	0
7.763	0
7.768	0
7.772	0
7.777	0
7.781	0
7.786	0
7.790	0
7.795	0
7.799	0
7.804	0
7.808	0
7.813	0
7.817	0
7.822	0
7.826	0
7.830	0
7.835	0
7.839	0
7.844	0
7.848	0
7.853	0
7.857	0
7.862	0
7.866	0
7.871	0
7.875	0
7.880	0
7.884	0
7.889	0
7.893	0
7.898	0
7.902	0
7.906	0
7.911	0
7.915	0
7.920	0
7.924	0
7.929	0
7.933	0
7.938	0
7.942	0
7.947	0
7.951	0
7.956	0
7.960	0
7.965	0
7.969	0
7.974	0
7.978	0
7.983	0
7.987	0
7.991	0
7.996	0
8.000	0
8.005	0
8.009	0
8.014	0
8.018	0
8.023	0
8.027	0
8.032	0
8.036	0
8.041	0
8.045	0
8.050	0
8.054	0
8.059	0
8.063	0
8.067	0
8.072	0
8.076	0
8.081	0
8.085	0
8.090	0
8.094	0
8.099	0
8.103	0
8.108	0
8.112	0
8.117	0
8.121	0
8.126	0
8.130	0
8.135	0
8.139	0
8.144	0
8.148	0
8.152	0
8.157	0
8.161	0
8.166	0
8.170	0
8.175	0
8.179	0
8.184	0
8.188	0
8.193	0
8.197	0
8.202	0
8.206	0
8.211	0
8.215	0
8.220	0
8.224	0
8.228	0
8.233	0
8.237	0
8.242	0
8.246	0
8.251	0
8.255	0
8.260	0
8.264	0
8.269	0
8.273	0
8.278	0
8.282	0
8.287	0
8.291	0
8.296	0
8.300	0
8.305	0
8.309	0
8.313	0
8.318	0
8.322	0
8.327	0
8.331	0
8.336	0
8.340	0
8.345	0
8.349	0
8.354	0
8.358	0
8.363	0
8.367	0
8.372	0
8.376	0
8.381	0
8.385	0
8.389	0
8.394	0
8.398	0
8.403	0
8.407	0
8.412	0
8.416	0
8.421	0
8.425	0
8.430	0
8.434	0
8.439	0
8.443	0
8.448	0
8.452	0
8.457	0
8.461	0
8.465	0
8.470	0
8.474	0
8.479	0
8.483	0
8.488	0
8.492	0
8.497	0
8.501	0
8.506	0
8.510	0
8.515	0
8.519	0
8.524	0
8.528	0
8.533	0
8.537	0
8.542	0
8.546	0
8.550	0
8.555	0
8.559	0
8.564	0
8.568	0
8.573	0
8.577	0
8.582	0
8.586	0
8.591	0
8.595	0
8.600	0
8.604	0
8.609	0
8.613	0
8.618	0
8.622	0
8.626	0
8.631	0
8.635	0
8.640	0
8.644	0
8.649	0
8.653	0
8.658	0
8.662	0
8.667	0
8.671	0
8.676	0
8.680	0
8.685	0
8.689	0
8.694	0
8.698	0
8.703	0
8.707	0
8.711	0
8.716	0
8.720	0
8.725	0
8.729	0
8.734	0
8.738	0
8.743	0
8.747	0
8.752	0
8.756	0
8.761	0
8.765	0
8.770	0
8.774	0
8.779	0
8.783	0
8.787	0
8.792	0
8.796	0
8.801	0
8.805	0
8.810	0
8.814	0
8.819	0
8.823	0
8.828	0
8.832	0
8.837	0
8.841	0
8.846	0
8.850	0
8.855	0
8.859	0
8.864	0
8.868	0
8.872	0
8.877	0
8.881	0
8.886	0
8.890	0
8.895	0
8.899	0
8.904	0
8.908	0
8.913	0
8.917	0
8.922	0
8.926	0
8.931	0
8.935	0
8.940	0
8.944	0
8.948	0
8.953	0
8.957	0
8.962	0
8.966	0
8.971	0
8.975	0
8.980	0
8.984	0
8.989	0
8.993	0
8.998	0
9.002	0
9.007	0
9.011	0
9.016	0
9.020	0
9.024	0
9.029	0
9.033	0
9.038	0
9.042	0
9.047	0
9.051	0
9.056	0
9.060	0
9.065	0
9.069	0
9.074	0
9.078	0
9.083	0
9.087	0
9.092	0
9.096	0
9.101	0
9.105	0
9.109	0
9.114	0
9.118	0
9.123	0
9.127	0
9.132	0
9.136	0
9.141	0
9.145	0
9.150	0
9.154	0
9.159	0
