2.820	0
2.825	0
2.829	0
2.834	0
2.838	0
2.843	0
2.847	0
2.852	0
2.856	0
2.861	1
2.865	118
2.870	174
2.874	177
2.879	192
2.883	171
2.888	165
2.892	151
2.897	135
2.901	106
2.906	131
2.910	93
2.915	102
2.919	98
2.924	116
2.928	90
2.933	93
2.937	105
2.942	83
2.946	93
2.951	102
2.955	112
2.960	89
2.964	93
2.969	86
2.973	103
2.978	74
2.982	63
2.987	87
2.991	59
2.996	59
3.000	53
3.005	47
3.009	62
3.014	56
3.018	55
3.023	36
3.027	38
3.032	39
3.036	35
3.041	23
3.045	28
3.050	28
3.054	23
3.059	28
3.063	19
3.068	24
3.072	27
3.077	22
3.081	21
3.086	13
3.090	12
3.095	13
3.099	14
3.103	14
3.108	10
3.112	15
3.117	9
3.121	10
3.126	3
3.130	12
3.135	5
3.139	4
3.144	7
3.148	6
3.153	4
3.157	5
3.162	6
3.166	4
3.171	7
3.175	2
3.180	3
3.184	4
3.189	1
3.193	3
3.198	1
3.202	4
3.207	3
3.211	2
3.216	1
3.220	0
3.225	1
3.229	2
3.234	1
3.238	3
3.243	2
3.247	1
3.252	3
3.256	0
3.261	2
3.265	1
3.270	1
3.274	1
3.279	0
3.283	0
3.288	0
3.292	2
3.297	1
3.301	0
3.306	2
3.310	1
3.315	0
3.319	0
3.324	0
3.328	0
3.333	0
3.337	1
3.342	1
3.346	0
3.351	0
3.355	0
3.360	1
3.364	0
3.369	0
3.373	0
3.377	0
3.382	0
3.386	0
3.391	1
3.395	0
3.400	0
3.404	2
3.409	0
3.413	0
3.418	0
3.422	0
3.427	0
3.431	1
3.436	0
3.440	0
3.445	0
3.449	0
3.454	0
3.458	0
3.463	0
3.467	0
3.472	0
3.476	0
3.481	0
3.485	0
3.490	0
3.494	0
3.499	0
3.503	0
3.508	0
3.512	0
3.517	0
3.521	0
3.526	0
3.530	0
3.535	0
3.539	0
3.544	1
3.548	0
3.553	0
3.557	0
3.562	0
3.566	0
3.571	0
3.575	0
3.580	0
3.584	0
3.589	0
3.593	1
3.598	0
3.602	2
3.607	0
3.611	0
3.616	0
3.620	0
3.625	1
3.629	1
3.634	0
3.638	0
3.643	0
3.647	0
3.652	0
3.656	0
3.660	0
3.665	0
3.669	0
3.674	0
3.678	0
3.683	0
3.687	0
3.692	1
3.696	0
3.701	0
3.705	1
3.710	0
3.714	1
3.719	0
3.723	1
3.728	0
3.732	0
3.737	0
3.741	0
3.746	0
3.750	0
3.755	0
3.759	1
3.764	0
3.768	0
3.773	0
3.777	0
3.782	0
3.786	0
3.791	0
3.795	0
3.800	0
3.804	0
3.809	0
3.813	0
3.818	0
3.822	1
3.827	0
3.831	0
3.836	0
3.840	1
3.845	0
3.849	0
3.854	1
3.858	0
3.863	0
3.867	0
3.872	0
3.876	0
3.881	0
3.885	0
3.890	0
3.894	0
3.899	0
3.903	0
3.908	0
3.912	0
3.917	0
3.921	0
3.926	0
3.930	0
3.935	0
3.939	0
3.943	0
3.948	0
3.952	0
3.957	0
3.961	0
3.966	0
3.970	0
3.975	0
3.979	0
3.984	2
3.988	0
3.993	0
3.997	0
4.002	1
4.006	0
4.011	0
4.015	0
4.020	0
4.024	0
4.029	0
4.033	0
4.038	0
4.042	0
4.047	0
4.051	0
4.056	1
4.060	0
4.065	1
4.069	0
4.074	0
4.078	1
4.083	0
4.087	0
4.092	0
4.096	1
4.101	0
4.105	0
4.110	0
4.114	0
4.119	1
4.123	0
4.128	0
4.132	0
4.137	0
4.141	1
4.146	0
4.150	1
4.155	0
4.159	0
4.164	0
4.168	0
4.173	0
4.177	0
4.182	1
4.186	0
4.191	0
4.195	0
4.200	1
4.204	0
4.209	0
4.213	0
4.218	0
4.222	0
4.226	0
4.231	0
4.235	0
4.240	0
4.244	0
4.249	0
4.253	0
4.258	0
4.262	0
4.267	0
4.271	0
4.276	0
4.280	1
4.285	0
4.289	1
4.294	0
4.298	0
4.303	0
4.307	0
4.312	0
4.316	0
4.321	0
4.325	0
4.330	0
4.334	0
4.339	0
4.343	0
4.348	0
4.352	0
4.357	0
4.361	0
4.366	1
4.370	0
4.375	0
4.379	1
4.384	0
4.388	1
4.393	0
4.397	0
4.402	0
4.406	0
4.411	1
4.415	0
4.420	0
4.424	0
4.429	0
4.433	0
4.438	1
4.442	0
4.447	0
4.451	0
4.456	0
4.460	0
4.465	0
4.469	1
4.474	0
4.478	0
4.483	0
4.487	1
4.492	1
4.496	0
4.500	0
4.505	0
4.509	1
4.514	0
4.518	1
4.523	0
4.527	0
4.532	0
4.536	0
4.541	0
4.545	0
4.550	1
4.554	0
4.559	0
4.563	0
4.568	1
4.572	0
4.577	0
4.581	0
4.586	0
4.590	0
4.595	0
4.599	0
4.604	0
4.608	0
4.613	0
4.617	0
4.622	0
4.626	0
4.631	0
4.635	0
4.640	1
4.644	0
4.649	0
4.653	0
4.658	1
4.662	2
4.667	0
4.671	1
4.676	0
4.680	0
4.685	0
4.689	0
4.694	0
4.698	1
4.703	0
4.707	0
4.712	0
4.716	0
4.721	0
4.725	0
4.730	0
4.734	0
4.739	0
4.743	0
4.748	0
4.752	0
4.757	0
4.761	0
4.766	0
4.770	0
4.775	0
4.779	0
4.783	0
4.788	0
4.792	0
4.797	0
4.801	0
4.806	0
4.810	1
4.815	0
4.819	0
4.824	1
4.828	0
4.833	0
4.837	0
4.842	0
4.846	0
4.851	0
4.855	0
4.860	1
4.864	0
4.869	0
4.873	0
4.878	1
4.882	0
4.887	0
4.891	0
4.896	0
4.900	1
4.905	0
4.909	0
4.914	0
4.918	0
4.923	0
4.927	1
4.932	1
4.936	1
4.941	0
4.945	0
4.950	1
4.954	1
4.959	1
4.963	1
4.968	0
4.972	0
4.977	1
4.981	0
4.986	0
4.990	0
4.995	0
4.999	0
5.004	0
5.008	1
5.013	0
5.017	0
5.022	0
5.026	1
5.031	0
5.035	0
5.040	0
5.044	0
5.049	0
5.053	1
5.058	0
5.062	0
5.066	0
5.071	0
5.075	0
5.080	0
5.084	1
5.089	0
5.093	0
5.098	1
5.102	1
5.107	0
5.111	0
5.116	0
5.120	0
5.125	0
5.129	1
5.134	1
5.138	0
5.143	0
5.147	0
5.152	0
5.156	0
5.161	0
5.165	1
5.170	0
5.174	1
5.179	0
5.183	1
5.188	0
5.192	2
5.197	0
5.201	0
5.206	0
5.210	0
5.215	0
5.219	0
5.224	1
5.228	0
5.233	1
5.237	1
5.242	0
5.246	1
5.251	0
5.255	0
5.260	0
5.264	0
5.269	1
5.273	0
5.278	0
5.282	0
5.287	0
5.291	0
5.296	0
5.300	1
5.305	0
5.309	0
5.314	0
5.318	0
5.323	0
5.327	1
5.332	0
5.336	0
5.341	0
5.345	0
5.349	1
5.354	0
5.358	0
5.363	0
5.367	0
5.372	0
5.376	0
5.381	0
5.385	0
5.390	0
5.394	0
5.399	0
5.403	1
5.408	0
5.412	1
5.417	0
5.421	0
5.426	1
5.430	1
5.435	0
5.439	0
5.444	0
5.448	0
5.453	0
5.457	1
5.462	0
5.466	1
5.471	0
5.475	0
5.480	0
5.484	0
5.489	0
5.493	1
5.498	0
5.502	1
5.507	1
5.511	0
5.516	1
5.520	0
5.525	0
5.529	0
5.534	0
5.538	1
5.543	1
5.547	1
5.552	0
5.556	0
5.561	0
5.565	0
5.570	0
5.574	1
5.579	1
5.583	0
5.588	0
5.592	0
5.597	0
5.601	0
5.606	1
5.610	0
5.615	0
5.619	0
5.623	0
5.628	0
5.632	1
5.637	0
5.641	0
5.646	0
5.650	0
5.655	0
5.659	0
5.664	0
5.668	2
5.673	1
5.677	0
5.682	1
5.686	0
5.691	0
5.695	0
5.700	1
5.704	0
5.709	1
5.713	1
5.718	0
5.722	0
5.727	1
5.731	0
5.736	0
5.740	0
5.745	0
5.749	1
5.754	0
5.758	0
5.763	0
5.767	1
5.772	0
5.776	0
5.781	0
5.785	0
5.790	0
5.794	0
5.799	0
5.803	0
5.808	0
5.812	2
5.817	0
5.821	1
5.826	0
5.830	1
5.835	0
5.839	0
5.844	1
5.848	0
5.853	0
5.857	0
5.862	0
5.866	0
5.871	0
5.875	0
5.880	0
5.884	0
5.889	0
5.893	0
5.898	0
5.902	0
5.906	0
5.911	0
5.915	0
5.920	0
5.924	1
5.929	0
5.933	2
5.938	0
5.942	0
5.947	0
5.951	0
5.956	1
5.960	0
5.965	0
5.969	0
5.974	1
5.978	2
5.983	0
5.987	0
5.992	1
5.996	1
6.001	0
6.005	0
6.010	0
6.014	0
6.019	0
6.023	0
6.028	0
6.032	0
6.037	0
6.041	0
6.046	1
6.050	0
6.055	0
6.059	0
6.064	0
6.068	0
6.073	0
6.077	0
6.082	0
6.086	0
6.091	1
6.095	0
6.100	2
6.104	0
6.109	1
6.113	1
6.118	1
6.122	2
6.127	0
6.131	0
6.136	0
6.140	0
6.145	0
6.149	1
6.154	1
6.158	0
6.163	0
6.167	0
6.172	0
6.176	1
6.181	1
6.185	1
6.189	2
6.194	0
6.198	0
6.203	1
6.207	2
6.212	1
6.216	0
6.221	0
6.225	0
6.230	0
6.234	0
6.239	1
6.243	0
6.248	1
6.252	0
6.257	0
6.261	0
6.266	1
6.270	0
6.275	1
6.279	0
6.284	1
6.288	1
6.293	0
6.297	1
6.302	1
6.306	0
6.311	0
6.315	0
6.320	0
6.324	2
6.329	0
6.333	0
6.338	0
6.342	0
6.347	0
6.351	1
6.356	0
6.360	0
6.365	0
6.369	0
6.374	1
6.378	1
6.383	2
6.387	1
6.392	1
6.396	0
6.401	0
6.405	0
6.410	0
6.414	1
6.419	0
6.423	0
6.428	0
6.432	1
6.437	2
6.441	1
6.446	0
6.450	0
6.455	0
6.459	0
6.464	1
6.468	1
6.472	0
6.477	1
6.481	1
6.486	0
6.490	1
6.495	1
6.499	0
6.504	0
6.508	0
6.513	0
6.517	0
6.522	0
6.526	0
6.531	0
6.535	0
6.540	2
6.544	1
6.549	0
6.553	0
6.558	0
6.562	0
6.567	1
6.571	0
6.576	0
6.580	1
6.585	0
6.589	0
6.594	0
6.598	1
6.603	0
6.607	1
6.612	0
6.616	1
6.621	1
6.625	1
6.630	0
6.634	0
6.639	1
6.643	0
6.648	0
6.652	0
6.657	0
6.661	0
6.666	2
6.670	1
6.675	2
6.679	1
6.684	1
6.688	0
6.693	1
6.697	0
6.702	0
6.706	1
6.711	0
6.715	1
6.720	1
6.724	2
6.729	0
6.733	1
6.738	1
6.742	0
6.747	1
6.751	0
6.755	0
6.760	0
6.764	2
6.769	1
6.773	1
6.778	2
6.782	0
6.787	0
6.791	0
6.796	0
6.800	1
6.805	1
6.809	1
6.814	0
6.818	1
6.823	0
6.827	1
6.832	2
6.836	0
6.841	0
6.845	0
6.850	1
6.854	0
6.859	0
6.863	0
6.868	0
6.872	0
6.877	0
6.881	0
6.886	1
6.890	0
6.895	1
6.899	0
6.904	1
6.908	0
6.913	1
6.917	1
6.922	0
6.926	0
6.931	0
6.935	0
6.940	2
6.944	0
6.949	0
6.953	1
6.958	1
6.962	0
6.967	1
6.971	2
6.976	2
6.980	0
6.985	2
6.989	0
6.994	2
6.998	0
7.003	0
7.007	2
7.012	1
7.016	0
7.021	0
7.025	0
7.029	3
7.034	2
7.038	0
7.043	1
7.047	2
7.052	0
7.056	1
7.061	0
7.065	0
7.070	0
7.074	4
7.079	1
7.083	1
7.088	1
7.092	0
7.097	0
7.101	3
7.106	1
7.110	2
7.115	1
7.119	0
7.124	0
7.128	1
7.133	0
7.137	2
7.142	0
7.146	1
7.151	2
7.155	0
7.160	0
7.164	0
7.169	1
7.173	1
7.178	4
7.182	2
7.187	1
7.191	0
7.196	1
7.200	1
7.205	0
7.209	2
7.214	1
7.218	1
7.223	1
7.227	0
7.232	0
7.236	1
7.241	0
7.245	0
7.250	0
7.254	3
7.259	0
7.263	0
7.268	0
7.272	0
7.277	0
7.281	1
7.286	1
7.290	1
7.295	0
7.299	1
7.304	2
7.308	0
7.312	1
7.317	0
7.321	1
7.326	1
7.330	0
7.335	3
7.339	1
7.344	4
7.348	1
7.353	1
7.357	0
7.362	2
7.366	2
7.371	1
7.375	3
7.380	1
7.384	1
7.389	2
7.393	2
7.398	7
7.402	12
7.407	7
7.411	16
7.416	23
7.420	19
7.425	17
7.429	28
7.434	10
7.438	8
7.443	5
7.447	2
7.452	1
7.456	2
7.461	0
7.465	3
7.470	2
7.474	3
7.479	2
7.483	0
7.488	2
7.492	2
7.497	1
7.501	2
7.506	6
7.510	2
7.515	1
7.519	3
7.524	4
7.528	5
7.533	3
7.537	3
7.542	3
7.546	5
7.551	10
7.555	7
7.560	9
7.564	10
7.569	11
7.573	23
7.578	27
7.582	41
7.587	116
7.591	166
7.595	294
7.600	363
7.604	432
7.609	379
7.613	271
7.618	165
7.622	76
7.627	22
7.631	7
7.636	2
7.640	0
7.645	2
7.649	3
7.654	1
7.658	1
7.663	0
7.667	1
7.672	0
7.676	0
7.681	1
7.685	0
7.690	0
7.694	1
7.699	1
7.703	1
7.708	1
7.712	0
7.717	0
7.721	1
7.726	3
7.730	1
7.735	1
7.739	0
7.744	0
7.748	1
7.753	0
7.757	0
7.762	1
7.766	0
7.771	1
7.775	2
7.780	0
7.784	0
7.789	1
7.793	0
7.798	1
7.802	0
7.807	0
7.811	1
7.816	0
7.820	1
7.825	0
7.829	0
7.834	0
7.838	0
7.843	1
7.847	0
7.852	0
7.856	2
7.861	0
7.865	1
7.870	1
7.874	1
7.878	2
7.883	0
7.887	0
7.892	3
7.896	1
7.901	0
7.905	0
7.910	0
7.914	0
7.919	0
7.923	3
7.928	1
7.932	0
7.937	0
7.941	0
7.946	1
7.950	0
7.955	0
7.959	2
7.964	0
7.968	2
7.973	0
7.977	0
7.982	2
7.986	0
7.991	0
7.995	0
8.000	7
8.004	2
8.009	0
8.013	1
8.018	1
8.022	4
8.027	3
8.031	3
8.036	6
8.040	5
8.045	3
8.049	1
8.054	5
8.058	3
8.063	4
8.067	8
8.072	5
8.076	11
8.081	4
8.085	10
8.090	23
8.094	29
8.099	27
8.103	40
8.108	55
8.112	84
8.117	92
8.121	116
8.126	104
8.130	103
8.135	71
8.139	43
8.144	19
8.148	11
8.152	3
8.157	1
8.161	1
8.166	2
8.170	0
8.175	0
8.179	3
8.184	1
8.188	0
8.193	2
8.197	1
8.202	1
8.206	2
8.211	2
8.215	1
8.220	0
8.224	0
8.229	1
8.233	1
8.238	3
8.242	0
8.247	0
8.251	2
8.256	1
8.260	1
8.265	4
8.269	5
8.274	7
8.278	15
8.283	17
8.287	29
8.292	59
8.296	80
8.301	120
8.305	158
8.310	179
8.314	158
8.319	101
8.323	54
8.328	31
8.332	11
8.337	3
8.341	0
8.346	1
8.350	0
8.355	0
8.359	0
8.364	1
8.368	0
8.373	0
8.377	1
8.382	0
8.386	0
8.391	0
8.395	0
8.400	1
8.404	0
8.409	1
8.413	1
8.418	0
8.422	0
8.427	1
8.431	0
8.435	0
8.440	1
8.444	1
8.449	0
8.453	1
8.458	0
8.462	1
8.467	1
8.471	0
8.476	0
8.480	0
8.485	1
8.489	1
8.494	0
8.498	0
8.503	0
8.507	2
8.512	1
8.516	1
8.521	0
8.525	0
8.530	0
8.534	0
8.539	2
8.543	1
8.548	1
8.552	0
8.557	1
8.561	0
8.566	0
8.570	1
8.575	0
8.579	0
8.584	0
8.588	3
8.593	0
8.597	2
8.602	2
8.606	2
8.611	1
8.615	2
8.620	0
8.624	0
8.629	0
8.633	1
8.638	0
8.642	0
8.647	2
8.651	1
8.656	0
8.660	0
8.665	2
8.669	1
8.674	0
8.678	2
8.683	2
8.687	1
8.692	1
8.696	1
8.701	3
8.705	4
8.710	1
8.714	1
8.718	1
8.723	4
8.727	1
8.732	2
8.736	0
8.741	2
8.745	2
8.750	4
8.754	3
8.759	4
8.763	5
8.768	6
8.772	8
8.777	3
8.781	11
8.786	14
8.790	18
8.795	31
8.799	42
8.804	61
8.808	117
8.813	132
8.817	158
8.822	182
8.826	139
8.831	114
8.835	87
8.840	37
8.844	14
8.849	2
8.853	1
8.858	1
8.862	1
8.867	0
8.871	0
8.876	0
8.880	0
8.885	0
8.889	1
8.894	0
8.898	1
8.903	0
8.907	1
8.912	0
8.916	0
8.921	0
8.925	0
8.930	0
8.934	0
8.939	0
8.943	0
8.948	0
8.952	0
8.957	0
8.961	0
8.966	0
8.970	0
8.975	0
8.979	0
8.984	0
8.988	0
8.992	0
8.997	0
9.001	1
9.006	0
9.010	0
9.015	0
9.019	0
9.024	0
9.028	0
9.033	0
9.037	0
9.042	0
9.046	0
9.051	0
9.055	0
9.060	0
9.064	0
9.069	0
9.073	0
9.078	0
9.082	0
9.087	0
9.091	0
9.096	0
9.100	0
9.105	0
9.109	0
9.114	0
9.118	1
9.123	0
9.127	0
9.132	0
9.136	0
9.141	0
9.145	0
9.150	0
9.154	0
9.159	0
9.163	1
9.168	0
9.172	0
9.177	0
9.181	0
9.186	0
9.190	0
9.195	0
9.199	0
9.204	0
9.208	0
9.213	0
9.217	0
9.222	0
9.226	0
9.231	0
9.235	0
9.240	0
9.244	0
9.249	0
9.253	1
9.258	0
9.262	0
9.267	0
9.271	0
9.275	0
9.280	0
9.284	0
9.289	0
9.293	0
9.298	0
9.302	0
9.307	0
9.311	0
9.316	0
9.320	0
9.325	0
9.329	0
9.334	0
9.338	0
9.343	0
9.347	0
9.352	0
9.356	0
9.361	1
9.365	0
9.370	0
9.374	0
9.379	1
9.383	0
9.388	0
9.392	1
9.397	0
9.401	0
9.406	0
9.410	0
9.415	0
9.419	0
9.424	0
9.428	0
9.433	0
9.437	0
9.442	0
9.446	0
9.451	0
9.455	0
9.460	0
9.464	0
9.469	0
9.473	0
9.478	0
9.482	0
9.487	0
9.491	0
9.496	0
9.500	0
9.505	0
9.509	0
9.514	0
9.518	0
9.523	0
9.527	0
9.532	0
9.536	0
9.541	1
9.545	0
9.550	0
9.554	0
9.558	0
9.563	0
9.567	0
9.572	0
9.576	0
9.581	0
9.585	0
9.590	0
9.594	0
9.599	0
9.603	0
9.608	0
9.612	0
9.617	0
9.621	0
9.626	0
9.630	0
9.635	1
9.639	0
9.644	0
9.648	0
9.653	0
9.657	0
9.662	0
9.666	0
9.671	0
9.675	0
9.680	0
9.684	0
9.689	0
9.693	0
9.698	0
9.702	1
9.707	0
9.711	0
9.716	0
9.720	0
9.725	0
9.729	0
9.734	0
9.738	1
9.743	1
9.747	0
9.752	0
9.756	0
9.761	0
9.765	1
9.770	0
9.774	0
9.779	1
9.783	0
9.788	0
9.792	0
9.797	1
9.801	0
9.806	1
9.810	2
9.815	0
9.819	0
9.824	1
9.828	0
9.833	0
9.837	0
9.841	0
9.846	0
9.850	0
9.855	1
9.859	0
9.864	1
9.868	1
9.873	1
9.877	0
9.882	0
9.886	0
9.891	1
9.895	0
9.900	0
9.904	1
9.909	0
9.913	1
9.918	1
9.922	0
9.927	0
9.931	1
9.936	0
9.940	0
9.945	0
9.949	0
9.954	0
9.958	0
9.963	0
9.967	0
9.972	0
9.976	0
9.981	0
9.985	0
9.990	0
9.994	0
9.999	0
10.003	0
10.008	1
10.012	0
10.017	0
10.021	0
10.026	0
10.030	1
10.035	1
10.039	0
10.044	0
10.048	0
10.053	0
10.057	0
10.062	0
10.066	1
10.071	0
10.075	0
10.080	0
10.084	0
10.089	0
10.093	0
10.098	0
10.102	2
10.107	0
10.111	1
10.116	0
10.120	0
10.124	0
10.129	0
10.133	0
10.138	0
10.142	0
10.147	0
10.151	0
10.156	0
10.160	0
10.165	0
10.169	0
10.174	0
10.178	0
10.183	0
10.187	0
10.192	0
10.196	1
10.201	0
10.205	0
10.210	0
10.214	0
10.219	0
10.223	0
10.228	0
10.232	0
10.237	0
10.241	0
10.246	1
10.250	0
10.255	0
10.259	1
10.264	0
10.268	1
10.273	0
10.277	0
10.282	1
10.286	0
10.291	0
10.295	0
10.300	0
10.304	0
10.309	0
10.313	0
10.318	2
10.322	0
10.327	0
10.331	0
10.336	1
10.340	0
10.345	0
10.349	0
10.354	0
10.358	0
10.363	0
10.367	0
10.372	0
10.376	1
10.381	1
10.385	0
10.390	0
10.394	1
10.398	0
10.403	2
10.407	0
10.412	0
10.416	2
10.421	3
10.425	0
10.430	0
10.434	2
10.439	2
10.443	2
10.448	2
10.452	1
10.457	1
10.461	2
10.466	11
10.470	12
10.475	13
10.479	17
10.484	26
10.488	39
10.493	62
10.497	96
10.502	117
10.506	124
10.511	122
10.515	88
10.520	72
10.524	54
10.529	15
10.533	8
10.538	3
10.542	0
10.547	1
10.551	0
10.556	0
10.560	0
10.565	0
10.569	0
10.574	0
10.578	0
10.583	0
10.587	0
10.592	0
10.596	0
10.601	0
10.605	0
10.610	0
10.614	0
10.619	0
10.623	0
10.628	0
10.632	0
10.637	0
10.641	0
10.646	1
10.650	0
10.655	0
10.659	0
10.664	0
10.668	0
10.673	0
10.677	0
10.681	0
10.686	0
10.690	0
10.695	0
10.699	0
10.704	0
10.708	0
10.713	0
10.717	0
10.722	0
10.726	0
10.731	0
10.735	0
10.740	0
10.744	0
10.749	0
10.753	0
10.758	0
10.762	0
10.767	0
10.771	0
10.776	0
10.780	0
10.785	0
10.789	0
10.794	0
10.798	0
10.803	0
10.807	0
10.812	0
10.816	0
10.821	0
10.825	0
10.830	0
10.834	0
10.839	0
10.843	0
10.848	0
10.852	0
10.857	0
10.861	0
10.866	0
10.870	0
10.875	0
10.879	0
10.884	0
10.888	0
10.893	0
10.897	0
10.902	0
10.906	0
10.911	0
10.915	0
10.920	0
10.924	0
10.929	0
10.933	0
10.938	0
10.942	0
10.947	0
10.951	0
10.956	0
10.960	0
10.964	0
10.969	0
10.973	0
10.978	0
10.982	0
10.987	0
10.991	0
10.996	0
11.000	0
11.005	0
11.009	0
11.014	0
11.018	0
11.023	0
11.027	0
11.032	0
11.036	0
11.041	0
11.045	0
11.050	0
11.054	0
11.059	0
11.063	0
11.068	0
11.072	0
11.077	0
11.081	0
11.086	0
11.090	0
11.095	0
11.099	0
11.104	0
11.108	0
11.113	0
11.117	0
11.122	0
11.126	0
11.131	0
11.135	0
11.140	0
11.144	0
11.149	0
11.153	0
11.158	0
11.162	0
11.167	0
11.171	0
11.176	0
11.180	0
11.185	0
11.189	0
11.194	0
11.198	0
11.203	0
11.207	0
11.212	0
11.216	0
11.221	0
11.225	0
11.230	0
11.234	0
11.239	0
11.243	0
11.247	0
11.252	0
11.256	0
11.261	0
11.265	0
11.270	0
11.274	0
11.279	0
11.283	0
11.288	0
11.292	0
11.297	0
11.301	0
11.306	0
11.310	0
11.315	0
11.319	0
11.324	0
11.328	0
11.333	0
11.337	0
11.342	0
11.346	0
11.351	0
11.355	0
11.360	0
11.364	0
11.369	0
11.373	0
11.378	0
11.382	0
11.387	0
11.391	0
11.396	0
11.400	0
11.405	0
11.409	0
11.414	0
11.418	0
11.423	0
11.427	0
11.432	0
11.436	0
11.441	0
11.445	0
11.450	0
11.454	0
11.459	0
11.463	0
11.468	0
11.472	0
11.477	0
11.481	0
11.486	0
11.490	0
11.495	0
11.499	0
11.504	0
11.508	0
11.513	0
11.517	0
11.521	0
11.526	0
11.530	0
11.535	0
11.539	0
11.544	0
11.548	0
11.553	0
11.557	0
11.562	0
11.566	0
11.571	0
11.575	0
11.580	0
11.584	0
11.589	0
11.593	0
11.598	0
11.602	0
11.607	0
11.611	0
11.616	0
11.620	0
11.625	0
11.629	0
11.634	0
11.638	0
11.643	0
11.647	0
11.652	0
11.656	0
11.661	0
11.665	0
11.670	0
11.674	0
11.679	0
11.683	0
11.688	0
11.692	0
11.697	0
11.701	0
11.706	0
11.710	0
11.715	0
11.719	0
11.724	0
11.728	0
11.733	0
11.737	0
11.742	0
11.746	0
11.751	0
11.755	0
11.760	0
11.764	0
11.769	0
11.773	0
11.778	0
11.782	0
11.787	0
11.791	0
11.796	0
11.800	0
11.804	0
11.809	0
11.813	0
11.818	0
11.822	0
11.827	0
11.831	0
11.836	0
11.840	0
11.845	0
11.849	0
11.854	0
11.858	0
11.863	0
11.867	0
11.872	0
11.876	0
11.881	0
11.885	0
11.890	0
11.894	0
11.899	0
11.903	0
11.908	0
11.912	0
11.917	0
11.921	0
11.926	0
11.930	0
11.935	0
11.939	0
11.944	0
11.948	0
11.953	0
11.957	0
11.962	0
11.966	0
11.971	0
11.975	0
11.980	0
11.984	0
11.989	0
11.993	0
11.998	0
12.002	0
12.007	0
12.011	0
12.016	0
